1,2
1,101
2,3
2,1
2,102
3,4
3,103
4,5
4,3
4,104
5,6
5,4
5,105
6,7
6,5
6,106
7,8
7,6
7,107
8,9
8,7
8,108
9,10
9,8
9,109
10,11
10,9
10,110
11,12
11,10
11,111
12,13
12,11
12,112
13,14
13,12
13,113
14,15
14,13
14,114
15,16
15,14
15,115
16,17
16,15
16,116
17,18
17,16
17,117
18,19
18,17
18,118
19,20
19,18
19,119
20,21
20,19
20,120
21,22
21,20
21,121
22,23
22,21
22,122
23,24
23,22
23,123
24,25
24,23
24,124
25,26
25,24
25,125
26,27
26,25
26,126
27,28
27,26
27,127
28,29
28,27
28,128
29,30
29,28
29,129
30,31
30,29
30,130
31,32
31,30
31,131
32,33
32,31
32,132
33,34
33,32
33,133
34,35
34,33
34,134
35,36
35,34
35,135
36,37
36,35
36,136
37,38
37,36
37,137
38,39
38,37
38,138
39,40
39,38
39,139
40,41
40,39
40,140
41,42
41,40
41,141
42,43
42,41
42,142
43,44
43,42
43,143
44,45
44,43
44,144
45,46
45,44
45,145
46,47
46,45
46,146
47,48
47,46
47,147
48,49
48,47
48,148
49,50
49,48
49,149
50,51
50,49
50,150
51,52
51,50
51,151
52,53
52,51
52,152
53,54
53,52
53,153
54,55
54,53
54,154
55,56
55,54
55,155
56,57
56,55
56,156
57,58
57,56
57,157
58,59
58,57
58,158
59,60
59,58
59,159
60,61
60,59
60,160
61,62
61,60
61,161
62,63
62,61
62,162
63,64
63,62
63,163
64,65
64,63
64,164
65,66
65,64
65,165
66,67
66,65
66,166
67,68
67,66
67,167
68,69
68,67
68,168
69,70
69,68
69,169
70,71
70,69
70,170
71,72
71,70
71,171
72,73
72,71
72,172
73,74
73,72
73,173
74,75
74,73
74,174
75,76
75,74
75,175
76,77
76,75
76,176
77,78
77,76
77,177
78,79
78,77
78,178
79,80
79,78
79,179
80,81
80,79
80,180
81,82
81,80
81,181
82,83
82,81
82,182
83,84
83,82
83,183
84,85
84,83
84,184
85,86
85,84
85,185
86,87
86,85
86,186
87,88
87,86
87,187
88,89
88,87
88,188
89,90
89,88
89,189
90,91
90,89
90,190
91,92
91,90
91,191
92,93
92,91
92,192
93,94
93,92
93,193
94,95
94,93
94,194
95,96
95,94
95,195
96,97
96,95
96,196
97,98
97,96
97,197
98,99
98,97
98,198
99,100
99,98
99,199
100,99
100,200
101,102
101,201
101,1
102,103
102,101
102,202
102,2
103,104
103,102
103,203
103,3
104,105
104,103
104,204
104,4
105,106
105,104
105,205
105,5
106,107
106,105
106,206
106,6
107,108
107,106
107,207
107,7
108,109
108,107
108,208
108,8
109,110
109,108
109,209
109,9
110,111
110,109
110,210
110,10
111,112
111,110
111,211
111,11
112,113
112,111
112,212
112,12
113,114
113,112
113,213
113,13
114,115
114,113
114,214
114,14
115,116
115,114
115,215
115,15
116,117
116,115
116,216
116,16
117,118
117,116
117,217
117,17
118,119
118,117
118,218
118,18
119,120
119,118
119,219
119,19
120,121
120,119
120,220
120,20
121,122
121,120
121,221
121,21
122,123
122,121
122,222
122,22
123,124
123,122
123,223
123,23
124,125
124,123
124,224
124,24
125,126
125,124
125,225
125,25
126,127
126,125
126,226
126,26
127,128
127,126
127,227
127,27
128,129
128,127
128,228
128,28
129,130
129,128
129,229
129,29
130,131
130,129
130,230
130,30
131,132
131,130
131,231
131,31
132,133
132,131
132,232
132,32
133,134
133,132
133,233
133,33
134,135
134,133
134,234
134,34
135,136
135,134
135,235
135,35
136,137
136,135
136,236
136,36
137,138
137,136
137,237
137,37
138,139
138,137
138,238
138,38
139,140
139,138
139,239
139,39
140,141
140,139
140,240
140,40
141,142
141,140
141,241
141,41
142,143
142,141
142,242
142,42
143,144
143,142
143,243
143,43
144,145
144,143
144,244
144,44
145,146
145,144
145,245
145,45
146,147
146,145
146,246
146,46
147,148
147,146
147,247
147,47
148,149
148,147
148,248
148,48
149,150
149,148
149,249
149,49
150,151
150,149
150,250
150,50
151,152
151,150
151,251
151,51
152,153
152,151
152,252
153,154
153,152
153,253
153,53
154,155
154,153
154,254
154,54
155,156
155,154
155,255
155,55
156,157
156,155
156,256
156,56
157,158
157,156
157,257
157,57
158,159
158,157
158,258
158,58
159,160
159,158
159,259
159,59
160,161
160,159
160,260
160,60
161,162
161,160
161,261
161,61
162,163
162,161
162,262
162,62
163,164
163,162
163,263
163,63
164,165
164,163
164,264
164,64
165,166
165,164
165,265
165,65
166,167
166,165
166,266
166,66
167,168
167,166
167,267
167,67
168,169
168,167
168,268
168,68
169,170
169,168
169,269
169,69
170,171
170,169
170,270
170,70
171,172
171,170
171,271
171,71
172,173
172,171
172,272
172,72
173,174
173,172
173,273
173,73
174,175
174,173
174,274
174,74
175,176
175,174
175,275
175,75
176,177
176,175
176,276
176,76
177,178
177,176
177,277
177,77
178,179
178,177
178,278
178,78
179,180
179,178
179,279
179,79
180,181
180,179
180,280
180,80
181,182
181,180
181,281
181,81
182,183
182,181
182,282
182,82
183,184
183,182
183,283
183,83
184,185
184,183
184,284
184,84
185,186
185,184
185,285
185,85
186,187
186,185
186,286
186,86
187,188
187,186
187,287
187,87
188,189
188,187
188,288
188,88
189,190
189,188
189,289
189,89
190,191
190,189
190,290
190,90
191,192
191,190
191,291
191,91
192,193
192,191
192,292
192,92
193,194
193,192
193,293
193,93
194,195
194,193
194,294
194,94
195,196
195,194
195,295
195,95
196,197
196,195
196,296
196,96
197,198
197,196
197,297
197,97
198,199
198,197
198,298
198,98
199,200
199,198
199,299
199,99
200,199
200,300
200,100
201,202
201,301
201,101
202,203
202,201
202,302
202,102
203,204
203,202
203,303
203,103
204,205
204,203
204,304
204,104
205,206
205,204
205,305
205,105
206,207
206,205
206,306
206,106
207,208
207,206
207,307
207,107
208,209
208,207
208,308
208,108
209,210
209,208
209,309
209,109
210,211
210,209
210,310
210,110
211,212
211,210
211,311
211,111
212,213
212,211
212,312
212,112
213,214
213,212
213,313
213,113
214,215
214,213
214,314
214,114
215,216
215,214
215,315
215,115
216,217
216,215
216,316
216,116
217,218
217,216
217,317
217,117
218,219
218,217
218,318
218,118
219,220
219,218
219,319
219,119
220,221
220,219
220,320
220,120
221,222
221,220
221,321
221,121
222,223
222,221
222,322
222,122
223,224
223,222
223,323
223,123
224,225
224,223
224,324
224,124
225,226
225,224
225,325
225,125
226,227
226,225
226,326
226,126
227,228
227,226
227,327
227,127
228,229
228,227
228,328
228,128
229,230
229,228
229,329
229,129
230,231
230,229
230,330
230,130
231,232
231,230
231,331
231,131
232,233
232,231
232,332
232,132
233,234
233,232
233,333
233,133
234,235
234,233
234,334
234,134
235,236
235,234
235,335
235,135
236,237
236,235
236,336
236,136
237,238
237,236
237,337
237,137
238,239
238,237
238,338
238,138
239,240
239,238
239,339
239,139
240,241
240,239
240,340
240,140
241,242
241,240
241,341
241,141
242,243
242,241
242,342
242,142
243,244
243,242
243,343
243,143
244,245
244,243
244,344
244,144
245,246
245,244
245,345
245,145
246,247
246,245
246,346
246,146
247,248
247,246
247,347
247,147
248,249
248,247
248,348
248,148
249,250
249,248
249,349
249,149
250,251
250,249
250,350
250,150
251,252
251,250
251,351
251,151
252,253
252,251
252,352
252,152
253,254
253,252
253,353
253,153
254,255
254,253
254,354
254,154
255,256
255,254
255,355
255,155
256,257
256,255
256,356
256,156
257,258
257,256
257,357
257,157
258,259
258,257
258,358
258,158
259,260
259,258
259,359
259,159
260,261
260,259
260,360
260,160
261,262
261,260
261,361
261,161
262,263
262,261
262,362
262,162
263,264
263,262
263,363
263,163
264,265
264,263
264,364
264,164
265,266
265,264
265,365
265,165
266,267
266,265
266,366
266,166
267,268
267,266
267,367
267,167
268,269
268,267
268,368
268,168
269,270
269,268
269,369
269,169
270,271
270,269
270,370
270,170
271,272
271,270
271,371
271,171
272,273
272,271
272,372
272,172
273,274
273,272
273,373
273,173
274,275
274,273
274,374
274,174
275,276
275,274
275,375
275,175
276,277
276,275
276,376
276,176
277,278
277,276
277,377
277,177
278,279
278,277
278,378
278,178
279,280
279,278
279,379
279,179
280,281
280,279
280,380
280,180
281,282
281,280
281,381
281,181
282,283
282,281
282,382
282,182
283,284
283,282
283,383
283,183
284,285
284,283
284,384
284,184
285,286
285,284
285,385
285,185
286,287
286,285
286,386
286,186
287,288
287,286
287,387
287,187
288,289
288,287
288,388
288,188
289,290
289,288
289,389
289,189
290,291
290,289
290,390
290,190
291,292
291,290
291,391
291,191
292,293
292,291
292,392
292,192
293,294
293,292
293,393
293,193
294,295
294,293
294,394
294,194
295,296
295,294
295,395
295,195
296,297
296,295
296,396
296,196
297,298
297,296
297,397
297,197
298,299
298,297
298,398
298,198
299,300
299,298
299,399
299,199
300,299
300,400
300,200
301,302
301,401
301,201
302,303
302,301
302,402
302,202
303,304
303,302
303,403
303,203
304,305
304,303
304,404
304,204
305,306
305,304
305,405
305,205
306,307
306,305
306,406
306,206
307,308
307,306
307,407
307,207
308,309
308,307
308,408
308,208
309,310
309,308
309,409
309,209
310,311
310,309
310,410
310,210
311,312
311,310
311,411
311,211
312,313
312,311
312,412
312,212
313,314
313,312
313,413
313,213
314,315
314,313
314,414
314,214
315,316
315,314
315,415
315,215
316,317
316,315
316,416
316,216
317,318
317,316
317,417
317,217
318,319
318,317
318,418
318,218
319,320
319,318
319,419
319,219
320,321
320,319
320,420
320,220
321,322
321,320
321,421
321,221
322,323
322,321
322,422
322,222
323,324
323,322
323,423
323,223
324,325
324,323
324,424
324,224
325,326
325,324
325,425
325,225
326,327
326,325
326,426
326,226
327,328
327,326
327,427
327,227
328,329
328,327
328,428
328,228
329,330
329,328
329,429
329,229
330,331
330,329
330,430
330,230
331,332
331,330
331,431
331,231
332,333
332,331
332,432
332,232
333,334
333,332
333,433
333,233
334,335
334,333
334,434
334,234
335,336
335,334
335,435
335,235
336,337
336,335
336,436
336,236
337,338
337,336
337,437
337,237
338,339
338,337
338,438
338,238
339,340
339,338
339,439
339,239
340,341
340,339
340,440
340,240
341,342
341,340
341,441
341,241
342,343
342,341
342,442
342,242
343,344
343,342
343,443
343,243
344,345
344,343
344,444
344,244
345,346
345,344
345,445
345,245
346,347
346,345
346,446
346,246
347,348
347,346
347,447
347,247
348,349
348,347
348,448
348,248
349,350
349,348
349,449
349,249
350,351
350,349
350,450
350,250
351,352
351,350
351,451
351,251
352,353
352,351
352,452
352,252
353,354
353,352
353,453
353,253
354,355
354,353
354,454
354,254
355,356
355,354
355,455
355,255
356,357
356,355
356,456
356,256
357,358
357,356
357,457
357,257
358,359
358,357
358,458
358,258
359,360
359,358
359,459
359,259
360,361
360,359
360,460
360,260
361,362
361,360
361,461
361,261
362,363
362,361
362,462
362,262
363,364
363,362
363,463
363,263
364,365
364,363
364,464
364,264
365,366
365,364
365,465
365,265
366,367
366,365
366,466
366,266
367,368
367,366
367,467
367,267
368,369
368,367
368,468
368,268
369,370
369,368
369,469
369,269
370,371
370,369
370,470
370,270
371,372
371,370
371,471
371,271
372,373
372,371
372,472
372,272
373,374
373,372
373,473
373,273
374,375
374,373
374,474
374,274
375,376
375,374
375,475
375,275
376,377
376,375
376,476
376,276
377,378
377,376
377,477
377,277
378,379
378,377
378,478
378,278
379,380
379,378
379,479
379,279
380,381
380,379
380,480
380,280
381,382
381,380
381,481
381,281
382,383
382,381
382,482
382,282
383,384
383,382
383,483
383,283
384,385
384,383
384,484
384,284
385,386
385,384
385,485
385,285
386,387
386,385
386,486
386,286
387,388
387,386
387,487
387,287
388,389
388,387
388,488
388,288
389,390
389,388
389,489
389,289
390,391
390,389
390,490
390,290
391,392
391,390
391,491
391,291
392,393
392,391
392,492
392,292
393,394
393,392
393,493
393,293
394,395
394,393
394,494
394,294
395,396
395,394
395,495
395,295
396,397
396,395
396,496
396,296
397,398
397,396
397,497
397,297
398,399
398,397
398,498
398,298
399,400
399,398
399,499
399,299
400,399
400,500
400,300
401,402
401,501
401,301
402,403
402,401
402,502
402,302
403,404
403,402
403,503
403,303
404,405
404,403
404,504
404,304
405,406
405,404
405,505
405,305
406,407
406,405
406,506
406,306
407,408
407,406
407,507
407,307
408,409
408,407
408,508
408,308
409,410
409,408
409,509
409,309
410,411
410,409
410,510
410,310
411,412
411,410
411,511
411,311
412,413
412,411
412,512
412,312
413,414
413,412
413,513
413,313
414,415
414,413
414,514
414,314
415,416
415,414
415,515
415,315
416,417
416,415
416,516
416,316
417,418
417,416
417,517
417,317
418,419
418,417
418,518
418,318
419,420
419,418
419,519
419,319
420,421
420,419
420,520
420,320
421,422
421,420
421,521
421,321
422,423
422,421
422,522
422,322
423,424
423,422
423,523
423,323
424,425
424,423
424,524
424,324
425,426
425,424
425,525
425,325
426,427
426,425
426,526
426,326
427,428
427,426
427,527
427,327
428,429
428,427
428,528
428,328
429,430
429,428
429,529
429,329
430,431
430,429
430,530
430,330
431,432
431,430
431,531
431,331
432,433
432,431
432,532
432,332
433,434
433,432
433,533
433,333
434,435
434,433
434,534
434,334
435,436
435,434
435,535
435,335
436,437
436,435
436,536
436,336
437,438
437,436
437,537
437,337
438,439
438,437
438,538
438,338
439,440
439,438
439,539
439,339
440,441
440,439
440,540
440,340
441,442
441,440
441,541
441,341
442,443
442,441
442,542
442,342
443,444
443,442
443,543
443,343
444,445
444,443
444,544
444,344
445,446
445,444
445,545
445,345
446,447
446,445
446,546
446,346
447,448
447,446
447,547
447,347
448,449
448,447
448,548
448,348
449,450
449,448
449,549
449,349
450,451
450,449
450,550
450,350
451,452
451,450
451,551
451,351
452,453
452,451
452,552
452,352
453,454
453,452
453,553
453,353
454,455
454,453
454,554
454,354
455,456
455,454
455,555
455,355
456,457
456,455
456,556
456,356
457,458
457,456
457,557
457,357
458,459
458,457
458,558
458,358
459,460
459,458
459,559
459,359
460,461
460,459
460,560
460,360
461,462
461,460
461,561
461,361
462,463
462,461
462,562
462,362
463,464
463,462
463,563
463,363
464,465
464,463
464,564
464,364
465,466
465,464
465,565
465,365
466,467
466,465
466,566
466,366
467,468
467,466
467,567
467,367
468,469
468,467
468,568
468,368
469,470
469,468
469,569
469,369
470,471
470,469
470,570
470,370
471,472
471,470
471,571
471,371
472,473
472,471
472,572
472,372
473,474
473,472
473,573
473,373
474,475
474,473
474,574
474,374
475,476
475,474
475,575
475,375
476,477
476,475
476,576
476,376
477,478
477,476
477,577
477,377
478,479
478,477
478,578
478,378
479,480
479,478
479,579
479,379
480,481
480,479
480,580
480,380
481,482
481,480
481,581
481,381
482,483
482,481
482,582
482,382
483,484
483,482
483,583
483,383
484,485
484,483
484,584
484,384
485,486
485,484
485,585
485,385
486,487
486,485
486,586
486,386
487,488
487,486
487,587
487,387
488,489
488,487
488,588
488,388
489,490
489,488
489,589
489,389
490,491
490,489
490,590
490,390
491,492
491,490
491,591
491,391
492,493
492,491
492,592
492,392
493,494
493,492
493,593
493,393
494,495
494,493
494,594
494,394
495,496
495,494
495,595
495,395
496,497
496,495
496,596
496,396
497,498
497,496
497,597
497,397
498,499
498,497
498,598
498,398
499,500
499,498
499,599
499,399
500,499
500,600
500,400
501,502
501,601
501,401
502,503
502,501
502,602
502,402
503,504
503,502
503,603
503,403
504,505
504,503
504,604
504,404
505,506
505,504
505,605
505,405
506,507
506,505
506,606
506,406
507,508
507,506
507,607
507,407
508,509
508,507
508,608
508,408
509,510
509,508
509,609
509,409
510,511
510,509
510,610
510,410
511,512
511,510
511,611
511,411
512,513
512,511
512,612
512,412
513,514
513,512
513,613
513,413
514,515
514,513
514,614
514,414
515,516
515,514
515,615
515,415
516,517
516,515
516,616
516,416
517,518
517,516
517,617
517,417
518,519
518,517
518,618
518,418
519,520
519,518
519,619
519,419
520,521
520,519
520,620
520,420
521,522
521,520
521,621
521,421
522,523
522,521
522,622
522,422
523,524
523,522
523,623
523,423
524,525
524,523
524,624
524,424
525,526
525,524
525,625
525,425
526,527
526,525
526,626
526,426
527,528
527,526
527,627
527,427
528,529
528,527
528,628
528,428
529,530
529,528
529,629
529,429
530,531
530,529
530,630
530,430
531,532
531,530
531,631
531,431
532,533
532,531
532,632
532,432
533,534
533,532
533,633
533,433
534,535
534,533
534,634
534,434
535,536
535,534
535,635
535,435
536,537
536,535
536,636
536,436
537,538
537,536
537,637
537,437
538,539
538,537
538,638
538,438
539,540
539,538
539,639
539,439
540,541
540,539
540,640
540,440
541,542
541,540
541,641
541,441
542,543
542,541
542,642
542,442
543,544
543,542
543,643
543,443
544,545
544,543
544,644
544,444
545,546
545,544
545,645
545,445
546,547
546,545
546,646
546,446
547,548
547,546
547,647
547,447
548,549
548,547
548,648
548,448
549,550
549,548
549,649
549,449
550,551
550,549
550,650
550,450
551,552
551,550
551,651
551,451
552,553
552,551
552,652
552,452
553,554
553,552
553,653
553,453
554,555
554,553
554,654
554,454
555,556
555,554
555,655
555,455
556,557
556,555
556,656
556,456
557,558
557,556
557,657
557,457
558,559
558,557
558,658
558,458
559,560
559,558
559,659
559,459
560,561
560,559
560,660
560,460
561,562
561,560
561,661
561,461
562,563
562,561
562,662
562,462
563,564
563,562
563,663
563,463
564,565
564,563
564,664
564,464
565,566
565,564
565,665
565,465
566,567
566,565
566,666
566,466
567,568
567,566
567,667
567,467
568,569
568,567
568,668
568,468
569,570
569,568
569,669
569,469
570,571
570,569
570,670
570,470
571,572
571,570
571,671
571,471
572,573
572,571
572,672
572,472
573,574
573,572
573,673
573,473
574,575
574,573
574,674
574,474
575,576
575,574
575,675
575,475
576,577
576,575
576,676
576,476
577,578
577,576
577,677
577,477
578,579
578,577
578,678
578,478
579,580
579,578
579,679
579,479
580,581
580,579
580,680
580,480
581,582
581,580
581,681
581,481
582,583
582,581
582,682
582,482
583,584
583,582
583,683
583,483
584,585
584,583
584,684
584,484
585,586
585,584
585,685
585,485
586,587
586,585
586,686
586,486
587,588
587,586
587,687
587,487
588,589
588,587
588,688
588,488
589,590
589,588
589,689
589,489
590,591
590,589
590,690
590,490
591,592
591,590
591,691
591,491
592,593
592,591
592,692
592,492
593,594
593,592
593,693
593,493
594,595
594,593
594,694
594,494
595,596
595,594
595,695
595,495
596,597
596,595
596,696
596,496
597,598
597,596
597,697
597,497
598,599
598,597
598,698
598,498
599,600
599,598
599,699
599,499
600,599
600,700
600,500
601,602
601,701
601,501
602,603
602,601
602,702
602,502
603,604
603,602
603,703
603,503
604,605
604,603
604,704
604,504
605,606
605,604
605,705
605,505
606,607
606,605
606,706
606,506
607,608
607,606
607,707
607,507
608,609
608,607
608,708
608,508
609,610
609,608
609,709
609,509
610,611
610,609
610,710
610,510
611,612
611,610
611,711
611,511
612,613
612,611
612,712
612,512
613,614
613,612
613,713
613,513
614,615
614,613
614,714
614,514
615,616
615,614
615,715
615,515
616,617
616,615
616,716
616,516
617,618
617,616
617,717
617,517
618,619
618,617
618,718
618,518
619,620
619,618
619,719
619,519
620,621
620,619
620,720
620,520
621,622
621,620
621,721
621,521
622,623
622,621
622,722
622,522
623,624
623,622
623,723
623,523
624,625
624,623
624,724
624,524
625,626
625,624
625,725
625,525
626,627
626,625
626,726
626,526
627,628
627,626
627,727
627,527
628,629
628,627
628,728
628,528
629,630
629,628
629,729
629,529
630,631
630,629
630,730
630,530
631,632
631,630
631,731
631,531
632,633
632,631
632,732
632,532
633,634
633,632
633,733
633,533
634,635
634,633
634,734
634,534
635,636
635,634
635,735
635,535
636,637
636,635
636,736
636,536
637,638
637,636
637,737
637,537
638,639
638,637
638,738
638,538
639,640
639,638
639,739
639,539
640,641
640,639
640,740
640,540
641,642
641,640
641,741
641,541
642,643
642,641
642,742
642,542
643,644
643,642
643,743
643,543
644,645
644,643
644,744
644,544
645,646
645,644
645,745
645,545
646,647
646,645
646,746
646,546
647,648
647,646
647,747
647,547
648,649
648,647
648,748
648,548
649,650
649,648
649,749
649,549
650,651
650,649
650,750
650,550
651,652
651,650
651,751
651,551
652,653
652,651
652,752
652,552
653,654
653,652
653,753
653,553
654,655
654,653
654,754
654,554
655,656
655,654
655,755
655,555
656,657
656,655
656,756
656,556
657,658
657,656
657,757
657,557
658,659
658,657
658,758
658,558
659,660
659,658
659,759
659,559
660,661
660,659
660,760
660,560
661,662
661,660
661,761
661,561
662,663
662,661
662,762
662,562
663,664
663,662
663,763
663,563
664,665
664,663
664,764
664,564
665,666
665,664
665,765
665,565
666,667
666,665
666,766
666,566
667,668
667,666
667,767
667,567
668,669
668,667
668,768
668,568
669,670
669,668
669,769
669,569
670,671
670,669
670,770
670,570
671,672
671,670
671,771
671,571
672,673
672,671
672,772
672,572
673,674
673,672
673,773
673,573
674,675
674,673
674,774
674,574
675,676
675,674
675,775
675,575
676,677
676,675
676,776
676,576
677,678
677,676
677,777
677,577
678,679
678,677
678,778
678,578
679,680
679,678
679,779
679,579
680,681
680,679
680,780
680,580
681,682
681,680
681,781
681,581
682,683
682,681
682,782
682,582
683,684
683,682
683,783
683,583
684,685
684,683
684,784
684,584
685,686
685,684
685,785
685,585
686,687
686,685
686,786
686,586
687,688
687,686
687,787
687,587
688,689
688,687
688,788
688,588
689,690
689,688
689,789
689,589
690,691
690,689
690,790
690,590
691,692
691,690
691,791
691,591
692,693
692,691
692,792
692,592
693,694
693,692
693,793
693,593
694,695
694,693
694,794
694,594
695,696
695,694
695,795
695,595
696,697
696,695
696,796
696,596
697,698
697,696
697,797
697,597
698,699
698,697
698,798
698,598
699,700
699,698
699,799
699,599
700,699
700,800
700,600
701,702
701,801
701,601
702,703
702,701
702,802
702,602
703,704
703,702
703,803
703,603
704,705
704,703
704,804
704,604
705,706
705,704
705,805
705,605
706,707
706,705
706,806
706,606
707,708
707,706
707,807
707,607
708,709
708,707
708,808
708,608
709,710
709,708
709,809
709,609
710,711
710,709
710,810
710,610
711,712
711,710
711,811
711,611
712,713
712,711
712,812
712,612
713,714
713,712
713,813
713,613
714,715
714,713
714,814
714,614
715,716
715,714
715,815
715,615
716,717
716,715
716,816
716,616
717,718
717,716
717,817
717,617
718,719
718,717
718,818
718,618
719,720
719,718
719,819
719,619
720,721
720,719
720,820
720,620
721,722
721,720
721,821
721,621
722,723
722,721
722,822
722,622
723,724
723,722
723,823
723,623
724,725
724,723
724,824
724,624
725,726
725,724
725,825
725,625
726,727
726,725
726,826
726,626
727,728
727,726
727,827
727,627
728,729
728,727
728,828
728,628
729,730
729,728
729,829
729,629
730,731
730,729
730,830
730,630
731,732
731,730
731,831
731,631
732,733
732,731
732,832
732,632
733,734
733,732
733,833
733,633
734,735
734,733
734,834
734,634
735,736
735,734
735,835
735,635
736,737
736,735
736,836
736,636
737,738
737,736
737,837
737,637
738,739
738,737
738,838
738,638
739,740
739,738
739,839
739,639
740,741
740,739
740,840
740,640
741,742
741,740
741,841
741,641
742,743
742,741
742,842
742,642
743,744
743,742
743,843
743,643
744,745
744,743
744,844
744,644
745,746
745,744
745,845
745,645
746,747
746,745
746,846
746,646
747,748
747,746
747,847
747,647
748,749
748,747
748,848
748,648
749,750
749,748
749,849
749,649
750,751
750,749
750,850
750,650
751,752
751,750
751,851
751,651
752,753
752,751
752,852
752,652
753,754
753,752
753,853
753,653
754,755
754,753
754,854
754,654
755,756
755,754
755,855
755,655
756,757
756,755
756,856
756,656
757,758
757,756
757,857
757,657
758,759
758,757
758,858
758,658
759,760
759,758
759,859
759,659
760,761
760,759
760,860
760,660
761,762
761,760
761,861
761,661
762,763
762,761
762,862
762,662
763,764
763,762
763,863
763,663
764,765
764,763
764,864
764,664
765,766
765,764
765,865
765,665
766,767
766,765
766,866
766,666
767,768
767,766
767,867
767,667
768,769
768,767
768,868
768,668
769,770
769,768
769,869
769,669
770,771
770,769
770,870
770,670
771,772
771,770
771,871
771,671
772,773
772,771
772,872
772,672
773,774
773,772
773,873
773,673
774,775
774,773
774,874
774,674
775,776
775,774
775,875
775,675
776,777
776,775
776,876
776,676
777,778
777,776
777,877
777,677
778,779
778,777
778,878
778,678
779,780
779,778
779,879
779,679
780,781
780,779
780,880
780,680
781,782
781,780
781,881
781,681
782,783
782,781
782,882
782,682
783,784
783,782
783,883
783,683
784,785
784,783
784,884
784,684
785,786
785,784
785,885
785,685
786,787
786,785
786,886
786,686
787,788
787,786
787,887
787,687
788,789
788,787
788,888
788,688
789,790
789,788
789,889
789,689
790,791
790,789
790,890
790,690
791,792
791,790
791,891
791,691
792,793
792,791
792,892
792,692
793,794
793,792
793,893
793,693
794,795
794,793
794,894
794,694
795,796
795,794
795,895
795,695
796,797
796,795
796,896
796,696
797,798
797,796
797,897
797,697
798,799
798,797
798,898
798,698
799,800
799,798
799,899
799,699
800,799
800,900
800,700
801,802
801,901
801,701
802,803
802,801
802,902
802,702
803,804
803,802
803,903
803,703
804,805
804,803
804,904
804,704
805,806
805,804
805,905
805,705
806,807
806,805
806,906
806,706
807,808
807,806
807,907
807,707
808,809
808,807
808,908
808,708
809,810
809,808
809,909
809,709
810,811
810,809
810,910
810,710
811,812
811,810
811,911
811,711
812,813
812,811
812,912
812,712
813,814
813,812
813,913
813,713
814,815
814,813
814,914
814,714
815,816
815,814
815,915
815,715
816,817
816,815
816,916
816,716
817,818
817,816
817,917
817,717
818,819
818,817
818,918
818,718
819,820
819,818
819,919
819,719
820,821
820,819
820,920
820,720
821,822
821,820
821,921
821,721
822,823
822,821
822,922
822,722
823,824
823,822
823,923
823,723
824,825
824,823
824,924
824,724
825,826
825,824
825,925
825,725
826,827
826,825
826,926
826,726
827,828
827,826
827,927
827,727
828,829
828,827
828,928
828,728
829,830
829,828
829,929
829,729
830,831
830,829
830,930
830,730
831,832
831,830
831,931
831,731
832,833
832,831
832,932
832,732
833,834
833,832
833,933
833,733
834,835
834,833
834,934
834,734
835,836
835,834
835,935
835,735
836,837
836,835
836,936
836,736
837,838
837,836
837,937
837,737
838,839
838,837
838,938
838,738
839,840
839,838
839,939
839,739
840,841
840,839
840,940
840,740
841,842
841,840
841,941
841,741
842,843
842,841
842,942
842,742
843,844
843,842
843,943
843,743
844,845
844,843
844,944
844,744
845,846
845,844
845,945
845,745
846,847
846,845
846,946
846,746
847,848
847,846
847,947
847,747
848,849
848,847
848,948
848,748
849,850
849,848
849,949
849,749
850,851
850,849
850,950
850,750
851,852
851,850
851,951
851,751
852,853
852,851
852,952
852,752
853,854
853,852
853,953
853,753
854,855
854,853
854,954
854,754
855,856
855,854
855,955
855,755
856,857
856,855
856,956
856,756
857,858
857,856
857,957
857,757
858,859
858,857
858,958
858,758
859,860
859,858
859,959
859,759
860,861
860,859
860,960
860,760
861,862
861,860
861,961
861,761
862,863
862,861
862,962
862,762
863,864
863,862
863,963
863,763
864,865
864,863
864,964
864,764
865,866
865,864
865,965
865,765
866,867
866,865
866,966
866,766
867,868
867,866
867,967
867,767
868,869
868,867
868,968
868,768
869,870
869,868
869,969
869,769
870,871
870,869
870,970
870,770
871,872
871,870
871,971
871,771
872,873
872,871
872,972
872,772
873,874
873,872
873,973
873,773
874,875
874,873
874,974
874,774
875,876
875,874
875,975
875,775
876,877
876,875
876,976
876,776
877,878
877,876
877,977
877,777
878,879
878,877
878,978
878,778
879,880
879,878
879,979
879,779
880,881
880,879
880,980
880,780
881,882
881,880
881,981
881,781
882,883
882,881
882,982
882,782
883,884
883,882
883,983
883,783
884,885
884,883
884,984
884,784
885,886
885,884
885,985
885,785
886,887
886,885
886,986
886,786
887,888
887,886
887,987
887,787
888,889
888,887
888,988
888,788
889,890
889,888
889,989
889,789
890,891
890,889
890,990
890,790
891,892
891,890
891,991
891,791
892,893
892,891
892,992
892,792
893,894
893,892
893,993
893,793
894,895
894,893
894,994
894,794
895,896
895,894
895,995
895,795
896,897
896,895
896,996
896,796
897,898
897,896
897,997
897,797
898,899
898,897
898,998
898,798
899,900
899,898
899,999
899,799
900,899
900,1000
900,800
901,902
901,1001
901,801
902,903
902,901
902,1002
902,802
903,904
903,902
903,1003
903,803
904,905
904,903
904,1004
904,804
905,906
905,904
905,1005
905,805
906,907
906,905
906,1006
906,806
907,908
907,906
907,1007
907,807
908,909
908,907
908,1008
908,808
909,910
909,908
909,1009
909,809
910,911
910,909
910,1010
910,810
911,912
911,910
911,1011
911,811
912,913
912,911
912,1012
912,812
913,914
913,912
913,1013
913,813
914,915
914,913
914,1014
914,814
915,916
915,914
915,1015
915,815
916,917
916,915
916,1016
916,816
917,918
917,916
917,1017
917,817
918,919
918,917
918,1018
918,818
919,920
919,918
919,1019
919,819
920,921
920,919
920,1020
920,820
921,922
921,920
921,1021
921,821
922,923
922,921
922,1022
922,822
923,924
923,922
923,1023
923,823
924,925
924,923
924,1024
924,824
925,926
925,924
925,1025
925,825
926,927
926,925
926,1026
926,826
927,928
927,926
927,1027
927,827
928,929
928,927
928,1028
928,828
929,930
929,928
929,1029
929,829
930,931
930,929
930,1030
930,830
931,932
931,930
931,1031
931,831
932,933
932,931
932,1032
932,832
933,934
933,932
933,1033
933,833
934,935
934,933
934,1034
934,834
935,936
935,934
935,1035
935,835
936,937
936,935
936,1036
936,836
937,938
937,936
937,1037
937,837
938,939
938,937
938,1038
938,838
939,940
939,938
939,1039
939,839
940,941
940,939
940,1040
940,840
941,942
941,940
941,1041
941,841
942,943
942,941
942,1042
942,842
943,944
943,942
943,1043
943,843
944,945
944,943
944,1044
944,844
945,946
945,944
945,1045
945,845
946,947
946,945
946,1046
946,846
947,948
947,946
947,1047
947,847
948,949
948,947
948,1048
948,848
949,950
949,948
949,1049
949,849
950,951
950,949
950,1050
950,850
951,952
951,950
951,1051
951,851
952,953
952,951
952,1052
952,852
953,954
953,952
953,1053
953,853
954,955
954,953
954,1054
954,854
955,956
955,954
955,1055
955,855
956,957
956,955
956,1056
956,856
957,958
957,956
957,1057
957,857
958,959
958,957
958,1058
958,858
959,960
959,958
959,1059
959,859
960,961
960,959
960,1060
960,860
961,962
961,960
961,1061
961,861
962,963
962,961
962,1062
962,862
963,964
963,962
963,1063
963,863
964,965
964,963
964,1064
964,864
965,966
965,964
965,1065
965,865
966,967
966,965
966,1066
966,866
967,968
967,966
967,1067
967,867
968,969
968,967
968,1068
968,868
969,970
969,968
969,1069
969,869
970,971
970,969
970,1070
970,870
971,972
971,970
971,1071
971,871
972,973
972,971
972,1072
972,872
973,974
973,972
973,1073
973,873
974,975
974,973
974,1074
974,874
975,976
975,974
975,1075
975,875
976,977
976,975
976,1076
976,876
977,978
977,976
977,1077
977,877
978,979
978,977
978,1078
978,878
979,980
979,978
979,1079
979,879
980,981
980,979
980,1080
980,880
981,982
981,980
981,1081
981,881
982,983
982,981
982,1082
982,882
983,984
983,982
983,1083
983,883
984,985
984,983
984,1084
984,884
985,986
985,984
985,1085
985,885
986,987
986,985
986,1086
986,886
987,988
987,986
987,1087
987,887
988,989
988,987
988,1088
988,888
989,990
989,988
989,1089
989,889
990,991
990,989
990,1090
990,890
991,992
991,990
991,1091
991,891
992,993
992,991
992,1092
992,892
993,994
993,992
993,1093
993,893
994,995
994,993
994,1094
994,894
995,996
995,994
995,1095
995,895
996,997
996,995
996,1096
996,896
997,998
997,996
997,1097
997,897
998,999
998,997
998,1098
998,898
999,1000
999,998
999,1099
999,899
1000,999
1000,1100
1000,900
1001,1002
1001,1101
1001,901
1002,1003
1002,1001
1002,1102
1002,902
1003,1004
1003,1002
1003,1103
1003,903
1004,1005
1004,1003
1004,1104
1004,904
1005,1006
1005,1004
1005,1105
1005,905
1006,1007
1006,1005
1006,1106
1006,906
1007,1008
1007,1006
1007,1107
1007,907
1008,1009
1008,1007
1008,1108
1008,908
1009,1010
1009,1008
1009,1109
1009,909
1010,1011
1010,1009
1010,1110
1010,910
1011,1012
1011,1010
1011,1111
1011,911
1012,1013
1012,1011
1012,1112
1012,912
1013,1014
1013,1012
1013,1113
1013,913
1014,1015
1014,1013
1014,1114
1014,914
1015,1016
1015,1014
1015,1115
1015,915
1016,1017
1016,1015
1016,1116
1016,916
1017,1018
1017,1016
1017,1117
1017,917
1018,1019
1018,1017
1018,1118
1018,918
1019,1020
1019,1018
1019,1119
1019,919
1020,1021
1020,1019
1020,1120
1020,920
1021,1022
1021,1020
1021,1121
1021,921
1022,1023
1022,1021
1022,1122
1022,922
1023,1024
1023,1022
1023,1123
1023,923
1024,1025
1024,1023
1024,1124
1024,924
1025,1026
1025,1024
1025,1125
1025,925
1026,1027
1026,1025
1026,1126
1026,926
1027,1028
1027,1026
1027,1127
1027,927
1028,1029
1028,1027
1028,1128
1028,928
1029,1030
1029,1028
1029,1129
1029,929
1030,1031
1030,1029
1030,1130
1030,930
1031,1032
1031,1030
1031,1131
1031,931
1032,1033
1032,1031
1032,1132
1032,932
1033,1034
1033,1032
1033,1133
1033,933
1034,1035
1034,1033
1034,1134
1034,934
1035,1036
1035,1034
1035,1135
1035,935
1036,1037
1036,1035
1036,1136
1036,936
1037,1038
1037,1036
1037,1137
1037,937
1038,1039
1038,1037
1038,1138
1038,938
1039,1040
1039,1038
1039,1139
1039,939
1040,1041
1040,1039
1040,1140
1040,940
1041,1042
1041,1040
1041,1141
1041,941
1042,1043
1042,1041
1042,1142
1042,942
1043,1044
1043,1042
1043,1143
1043,943
1044,1045
1044,1043
1044,1144
1044,944
1045,1046
1045,1044
1045,1145
1045,945
1046,1047
1046,1045
1046,1146
1046,946
1047,1048
1047,1046
1047,1147
1047,947
1048,1049
1048,1047
1048,1148
1048,948
1049,1050
1049,1048
1049,1149
1049,949
1050,1051
1050,1049
1050,1150
1050,950
1051,1052
1051,1050
1051,1151
1051,951
1052,1053
1052,1051
1052,1152
1052,952
1053,1054
1053,1052
1053,1153
1053,953
1054,1055
1054,1053
1054,1154
1054,954
1055,1056
1055,1054
1055,1155
1055,955
1056,1057
1056,1055
1056,1156
1056,956
1057,1058
1057,1056
1057,1157
1057,957
1058,1059
1058,1057
1058,1158
1058,958
1059,1060
1059,1058
1059,1159
1059,959
1060,1061
1060,1059
1060,1160
1060,960
1061,1062
1061,1060
1061,1161
1061,961
1062,1063
1062,1061
1062,1162
1062,962
1063,1064
1063,1062
1063,1163
1063,963
1064,1065
1064,1063
1064,1164
1064,964
1065,1066
1065,1064
1065,1165
1065,965
1066,1067
1066,1065
1066,1166
1066,966
1067,1068
1067,1066
1067,1167
1067,967
1068,1069
1068,1067
1068,1168
1068,968
1069,1070
1069,1068
1069,1169
1069,969
1070,1071
1070,1069
1070,1170
1070,970
1071,1072
1071,1070
1071,1171
1071,971
1072,1073
1072,1071
1072,1172
1072,972
1073,1074
1073,1072
1073,1173
1073,973
1074,1075
1074,1073
1074,1174
1074,974
1075,1076
1075,1074
1075,1175
1075,975
1076,1077
1076,1075
1076,1176
1076,976
1077,1078
1077,1076
1077,1177
1077,977
1078,1079
1078,1077
1078,1178
1078,978
1079,1080
1079,1078
1079,1179
1079,979
1080,1081
1080,1079
1080,1180
1080,980
1081,1082
1081,1080
1081,1181
1081,981
1082,1083
1082,1081
1082,1182
1082,982
1083,1084
1083,1082
1083,1183
1083,983
1084,1085
1084,1083
1084,1184
1084,984
1085,1086
1085,1084
1085,1185
1085,985
1086,1087
1086,1085
1086,1186
1086,986
1087,1088
1087,1086
1087,1187
1087,987
1088,1089
1088,1087
1088,1188
1088,988
1089,1090
1089,1088
1089,1189
1089,989
1090,1091
1090,1089
1090,1190
1090,990
1091,1092
1091,1090
1091,1191
1091,991
1092,1093
1092,1091
1092,1192
1092,992
1093,1094
1093,1092
1093,1193
1093,993
1094,1095
1094,1093
1094,1194
1094,994
1095,1096
1095,1094
1095,1195
1095,995
1096,1097
1096,1095
1096,1196
1096,996
1097,1098
1097,1096
1097,1197
1097,997
1098,1099
1098,1097
1098,1198
1098,998
1099,1100
1099,1098
1099,1199
1099,999
1100,1099
1100,1200
1100,1000
1101,1102
1101,1201
1101,1001
1102,1103
1102,1101
1102,1202
1102,1002
1103,1104
1103,1102
1103,1203
1103,1003
1104,1105
1104,1103
1104,1204
1104,1004
1105,1106
1105,1104
1105,1205
1105,1005
1106,1107
1106,1105
1106,1206
1106,1006
1107,1108
1107,1106
1107,1207
1107,1007
1108,1109
1108,1107
1108,1208
1108,1008
1109,1110
1109,1108
1109,1209
1109,1009
1110,1111
1110,1109
1110,1210
1110,1010
1111,1112
1111,1110
1111,1211
1111,1011
1112,1113
1112,1111
1112,1212
1112,1012
1113,1114
1113,1112
1113,1213
1113,1013
1114,1115
1114,1113
1114,1214
1114,1014
1115,1116
1115,1114
1115,1215
1115,1015
1116,1117
1116,1115
1116,1216
1116,1016
1117,1118
1117,1116
1117,1217
1117,1017
1118,1119
1118,1117
1118,1218
1118,1018
1119,1120
1119,1118
1119,1219
1119,1019
1120,1121
1120,1119
1120,1220
1120,1020
1121,1122
1121,1120
1121,1221
1121,1021
1122,1123
1122,1121
1122,1222
1122,1022
1123,1124
1123,1122
1123,1223
1123,1023
1124,1125
1124,1123
1124,1224
1124,1024
1125,1126
1125,1124
1125,1225
1125,1025
1126,1127
1126,1125
1126,1226
1126,1026
1127,1128
1127,1126
1127,1227
1127,1027
1128,1129
1128,1127
1128,1228
1128,1028
1129,1130
1129,1128
1129,1229
1129,1029
1130,1131
1130,1129
1130,1230
1130,1030
1131,1132
1131,1130
1131,1231
1131,1031
1132,1133
1132,1131
1132,1232
1132,1032
1133,1134
1133,1132
1133,1233
1133,1033
1134,1135
1134,1133
1134,1234
1134,1034
1135,1136
1135,1134
1135,1235
1135,1035
1136,1137
1136,1135
1136,1236
1136,1036
1137,1138
1137,1136
1137,1237
1137,1037
1138,1139
1138,1137
1138,1238
1138,1038
1139,1140
1139,1138
1139,1239
1139,1039
1140,1141
1140,1139
1140,1240
1140,1040
1141,1142
1141,1140
1141,1241
1141,1041
1142,1143
1142,1141
1142,1242
1142,1042
1143,1144
1143,1142
1143,1243
1143,1043
1144,1145
1144,1143
1144,1244
1144,1044
1145,1146
1145,1144
1145,1245
1145,1045
1146,1147
1146,1145
1146,1246
1146,1046
1147,1148
1147,1146
1147,1247
1147,1047
1148,1149
1148,1147
1148,1248
1148,1048
1149,1150
1149,1148
1149,1249
1149,1049
1150,1151
1150,1149
1150,1250
1150,1050
1151,1152
1151,1150
1151,1251
1151,1051
1152,1153
1152,1151
1152,1252
1152,1052
1153,1154
1153,1152
1153,1253
1153,1053
1154,1155
1154,1153
1154,1254
1154,1054
1155,1156
1155,1154
1155,1255
1155,1055
1156,1157
1156,1155
1156,1256
1156,1056
1157,1158
1157,1156
1157,1257
1157,1057
1158,1159
1158,1157
1158,1258
1158,1058
1159,1160
1159,1158
1159,1259
1159,1059
1160,1161
1160,1159
1160,1260
1160,1060
1161,1162
1161,1160
1161,1261
1161,1061
1162,1163
1162,1161
1162,1262
1162,1062
1163,1164
1163,1162
1163,1263
1163,1063
1164,1165
1164,1163
1164,1264
1164,1064
1165,1166
1165,1164
1165,1265
1165,1065
1166,1167
1166,1165
1166,1266
1166,1066
1167,1168
1167,1166
1167,1267
1167,1067
1168,1169
1168,1167
1168,1268
1168,1068
1169,1170
1169,1168
1169,1269
1169,1069
1170,1171
1170,1169
1170,1270
1170,1070
1171,1172
1171,1170
1171,1271
1171,1071
1172,1173
1172,1171
1172,1272
1172,1072
1173,1174
1173,1172
1173,1273
1173,1073
1174,1175
1174,1173
1174,1274
1174,1074
1175,1176
1175,1174
1175,1275
1175,1075
1176,1177
1176,1175
1176,1276
1176,1076
1177,1178
1177,1176
1177,1277
1177,1077
1178,1179
1178,1177
1178,1278
1178,1078
1179,1180
1179,1178
1179,1279
1179,1079
1180,1181
1180,1179
1180,1280
1180,1080
1181,1182
1181,1180
1181,1281
1181,1081
1182,1183
1182,1181
1182,1282
1182,1082
1183,1184
1183,1182
1183,1283
1183,1083
1184,1185
1184,1183
1184,1284
1184,1084
1185,1186
1185,1184
1185,1285
1185,1085
1186,1187
1186,1185
1186,1286
1186,1086
1187,1188
1187,1186
1187,1287
1187,1087
1188,1189
1188,1187
1188,1288
1188,1088
1189,1190
1189,1188
1189,1289
1189,1089
1190,1191
1190,1189
1190,1290
1190,1090
1191,1192
1191,1190
1191,1291
1191,1091
1192,1193
1192,1191
1192,1292
1192,1092
1193,1194
1193,1192
1193,1293
1193,1093
1194,1195
1194,1193
1194,1294
1194,1094
1195,1196
1195,1194
1195,1295
1195,1095
1196,1197
1196,1195
1196,1296
1196,1096
1197,1198
1197,1196
1197,1297
1197,1097
1198,1199
1198,1197
1198,1298
1198,1098
1199,1200
1199,1198
1199,1299
1199,1099
1200,1199
1200,1300
1200,1100
1201,1202
1201,1301
1201,1101
1202,1203
1202,1201
1202,1302
1202,1102
1203,1204
1203,1202
1203,1303
1203,1103
1204,1205
1204,1203
1204,1304
1204,1104
1205,1206
1205,1204
1205,1305
1205,1105
1206,1207
1206,1205
1206,1306
1206,1106
1207,1208
1207,1206
1207,1307
1207,1107
1208,1209
1208,1207
1208,1308
1208,1108
1209,1210
1209,1208
1209,1309
1209,1109
1210,1211
1210,1209
1210,1310
1210,1110
1211,1212
1211,1210
1211,1311
1211,1111
1212,1213
1212,1211
1212,1312
1212,1112
1213,1214
1213,1212
1213,1313
1213,1113
1214,1215
1214,1213
1214,1314
1214,1114
1215,1216
1215,1214
1215,1315
1215,1115
1216,1217
1216,1215
1216,1316
1216,1116
1217,1218
1217,1216
1217,1317
1217,1117
1218,1219
1218,1217
1218,1318
1218,1118
1219,1220
1219,1218
1219,1319
1219,1119
1220,1221
1220,1219
1220,1320
1220,1120
1221,1222
1221,1220
1221,1321
1221,1121
1222,1223
1222,1221
1222,1322
1222,1122
1223,1224
1223,1222
1223,1323
1223,1123
1224,1225
1224,1223
1224,1324
1224,1124
1225,1226
1225,1224
1225,1325
1225,1125
1226,1227
1226,1225
1226,1326
1226,1126
1227,1228
1227,1226
1227,1327
1227,1127
1228,1229
1228,1227
1228,1328
1228,1128
1229,1230
1229,1228
1229,1329
1229,1129
1230,1231
1230,1229
1230,1330
1230,1130
1231,1232
1231,1230
1231,1331
1231,1131
1232,1233
1232,1231
1232,1332
1232,1132
1233,1234
1233,1232
1233,1333
1233,1133
1234,1235
1234,1233
1234,1334
1234,1134
1235,1236
1235,1234
1235,1335
1235,1135
1236,1237
1236,1235
1236,1336
1236,1136
1237,1238
1237,1236
1237,1337
1237,1137
1238,1239
1238,1237
1238,1338
1238,1138
1239,1240
1239,1238
1239,1339
1239,1139
1240,1241
1240,1239
1240,1340
1240,1140
1241,1242
1241,1240
1241,1341
1241,1141
1242,1243
1242,1241
1242,1342
1242,1142
1243,1244
1243,1242
1243,1343
1243,1143
1244,1245
1244,1243
1244,1344
1244,1144
1245,1246
1245,1244
1245,1345
1245,1145
1246,1247
1246,1245
1246,1346
1246,1146
1247,1248
1247,1246
1247,1347
1247,1147
1248,1249
1248,1247
1248,1348
1248,1148
1249,1250
1249,1248
1249,1349
1249,1149
1250,1251
1250,1249
1250,1350
1250,1150
1251,1252
1251,1250
1251,1351
1251,1151
1252,1253
1252,1251
1252,1352
1252,1152
1253,1254
1253,1252
1253,1353
1253,1153
1254,1255
1254,1253
1254,1354
1254,1154
1255,1256
1255,1254
1255,1355
1255,1155
1256,1257
1256,1255
1256,1356
1256,1156
1257,1258
1257,1256
1257,1357
1257,1157
1258,1259
1258,1257
1258,1358
1258,1158
1259,1260
1259,1258
1259,1359
1259,1159
1260,1261
1260,1259
1260,1360
1260,1160
1261,1262
1261,1260
1261,1361
1261,1161
1262,1263
1262,1261
1262,1362
1262,1162
1263,1264
1263,1262
1263,1363
1263,1163
1264,1265
1264,1263
1264,1364
1264,1164
1265,1266
1265,1264
1265,1365
1265,1165
1266,1267
1266,1265
1266,1366
1266,1166
1267,1268
1267,1266
1267,1367
1267,1167
1268,1269
1268,1267
1268,1368
1268,1168
1269,1270
1269,1268
1269,1369
1269,1169
1270,1271
1270,1269
1270,1370
1270,1170
1271,1272
1271,1270
1271,1371
1271,1171
1272,1273
1272,1271
1272,1372
1272,1172
1273,1274
1273,1272
1273,1373
1273,1173
1274,1275
1274,1273
1274,1374
1274,1174
1275,1276
1275,1274
1275,1375
1275,1175
1276,1277
1276,1275
1276,1376
1276,1176
1277,1278
1277,1276
1277,1377
1277,1177
1278,1279
1278,1277
1278,1378
1278,1178
1279,1280
1279,1278
1279,1379
1279,1179
1280,1281
1280,1279
1280,1380
1280,1180
1281,1282
1281,1280
1281,1381
1281,1181
1282,1283
1282,1281
1282,1382
1282,1182
1283,1284
1283,1282
1283,1383
1283,1183
1284,1285
1284,1283
1284,1384
1284,1184
1285,1286
1285,1284
1285,1385
1285,1185
1286,1287
1286,1285
1286,1386
1286,1186
1287,1288
1287,1286
1287,1387
1287,1187
1288,1289
1288,1287
1288,1388
1288,1188
1289,1290
1289,1288
1289,1389
1289,1189
1290,1291
1290,1289
1290,1390
1290,1190
1291,1292
1291,1290
1291,1391
1291,1191
1292,1293
1292,1291
1292,1392
1292,1192
1293,1294
1293,1292
1293,1393
1293,1193
1294,1295
1294,1293
1294,1394
1294,1194
1295,1296
1295,1294
1295,1395
1295,1195
1296,1297
1296,1295
1296,1396
1296,1196
1297,1298
1297,1296
1297,1397
1297,1197
1298,1299
1298,1297
1298,1398
1298,1198
1299,1300
1299,1298
1299,1399
1299,1199
1300,1299
1300,1400
1300,1200
1301,1302
1301,1401
1301,1201
1302,1303
1302,1301
1302,1402
1302,1202
1303,1304
1303,1302
1303,1403
1303,1203
1304,1305
1304,1303
1304,1404
1304,1204
1305,1306
1305,1304
1305,1405
1305,1205
1306,1307
1306,1305
1306,1406
1306,1206
1307,1308
1307,1306
1307,1407
1307,1207
1308,1309
1308,1307
1308,1408
1308,1208
1309,1310
1309,1308
1309,1409
1309,1209
1310,1311
1310,1309
1310,1410
1310,1210
1311,1312
1311,1310
1311,1411
1311,1211
1312,1313
1312,1311
1312,1412
1312,1212
1313,1314
1313,1312
1313,1413
1313,1213
1314,1315
1314,1313
1314,1414
1314,1214
1315,1316
1315,1314
1315,1415
1315,1215
1316,1317
1316,1315
1316,1416
1316,1216
1317,1318
1317,1316
1317,1417
1317,1217
1318,1319
1318,1317
1318,1418
1318,1218
1319,1320
1319,1318
1319,1419
1319,1219
1320,1321
1320,1319
1320,1420
1320,1220
1321,1322
1321,1320
1321,1421
1321,1221
1322,1323
1322,1321
1322,1422
1322,1222
1323,1324
1323,1322
1323,1423
1323,1223
1324,1325
1324,1323
1324,1424
1324,1224
1325,1326
1325,1324
1325,1425
1325,1225
1326,1327
1326,1325
1326,1426
1326,1226
1327,1328
1327,1326
1327,1427
1327,1227
1328,1329
1328,1327
1328,1428
1328,1228
1329,1330
1329,1328
1329,1429
1329,1229
1330,1331
1330,1329
1330,1430
1330,1230
1331,1332
1331,1330
1331,1431
1331,1231
1332,1333
1332,1331
1332,1432
1332,1232
1333,1334
1333,1332
1333,1433
1333,1233
1334,1335
1334,1333
1334,1434
1334,1234
1335,1336
1335,1334
1335,1435
1335,1235
1336,1337
1336,1335
1336,1436
1336,1236
1337,1338
1337,1336
1337,1437
1337,1237
1338,1339
1338,1337
1338,1438
1338,1238
1339,1340
1339,1338
1339,1439
1339,1239
1340,1341
1340,1339
1340,1440
1340,1240
1341,1342
1341,1340
1341,1441
1341,1241
1342,1343
1342,1341
1342,1442
1342,1242
1343,1344
1343,1342
1343,1443
1343,1243
1344,1345
1344,1343
1344,1444
1344,1244
1345,1346
1345,1344
1345,1445
1345,1245
1346,1347
1346,1345
1346,1446
1346,1246
1347,1348
1347,1346
1347,1447
1347,1247
1348,1349
1348,1347
1348,1448
1348,1248
1349,1350
1349,1348
1349,1449
1349,1249
1350,1351
1350,1349
1350,1450
1350,1250
1351,1352
1351,1350
1351,1451
1351,1251
1352,1353
1352,1351
1352,1452
1352,1252
1353,1354
1353,1352
1353,1453
1353,1253
1354,1355
1354,1353
1354,1454
1354,1254
1355,1356
1355,1354
1355,1455
1355,1255
1356,1357
1356,1355
1356,1456
1356,1256
1357,1358
1357,1356
1357,1457
1357,1257
1358,1359
1358,1357
1358,1458
1358,1258
1359,1360
1359,1358
1359,1459
1359,1259
1360,1361
1360,1359
1360,1460
1360,1260
1361,1362
1361,1360
1361,1461
1361,1261
1362,1363
1362,1361
1362,1462
1362,1262
1363,1364
1363,1362
1363,1463
1363,1263
1364,1365
1364,1363
1364,1464
1364,1264
1365,1366
1365,1364
1365,1465
1365,1265
1366,1367
1366,1365
1366,1466
1366,1266
1367,1368
1367,1366
1367,1467
1367,1267
1368,1369
1368,1367
1368,1468
1368,1268
1369,1370
1369,1368
1369,1469
1369,1269
1370,1371
1370,1369
1370,1470
1370,1270
1371,1372
1371,1370
1371,1471
1371,1271
1372,1373
1372,1371
1372,1472
1372,1272
1373,1374
1373,1372
1373,1473
1373,1273
1374,1375
1374,1373
1374,1474
1374,1274
1375,1376
1375,1374
1375,1475
1375,1275
1376,1377
1376,1375
1376,1476
1376,1276
1377,1378
1377,1376
1377,1477
1377,1277
1378,1379
1378,1377
1378,1478
1378,1278
1379,1380
1379,1378
1379,1479
1379,1279
1380,1381
1380,1379
1380,1480
1380,1280
1381,1382
1381,1380
1381,1481
1381,1281
1382,1383
1382,1381
1382,1482
1382,1282
1383,1384
1383,1382
1383,1483
1383,1283
1384,1385
1384,1383
1384,1484
1384,1284
1385,1386
1385,1384
1385,1485
1385,1285
1386,1387
1386,1385
1386,1486
1386,1286
1387,1388
1387,1386
1387,1487
1387,1287
1388,1389
1388,1387
1388,1488
1388,1288
1389,1390
1389,1388
1389,1489
1389,1289
1390,1391
1390,1389
1390,1490
1390,1290
1391,1392
1391,1390
1391,1491
1391,1291
1392,1393
1392,1391
1392,1492
1392,1292
1393,1394
1393,1392
1393,1493
1393,1293
1394,1395
1394,1393
1394,1494
1394,1294
1395,1396
1395,1394
1395,1495
1395,1295
1396,1397
1396,1395
1396,1496
1396,1296
1397,1398
1397,1396
1397,1497
1397,1297
1398,1399
1398,1397
1398,1498
1398,1298
1399,1400
1399,1398
1399,1499
1399,1299
1400,1399
1400,1500
1400,1300
1401,1402
1401,1501
1401,1301
1402,1403
1402,1401
1402,1502
1402,1302
1403,1404
1403,1402
1403,1503
1403,1303
1404,1405
1404,1403
1404,1504
1404,1304
1405,1406
1405,1404
1405,1505
1405,1305
1406,1407
1406,1405
1406,1506
1406,1306
1407,1408
1407,1406
1407,1507
1407,1307
1408,1409
1408,1407
1408,1508
1408,1308
1409,1410
1409,1408
1409,1509
1409,1309
1410,1411
1410,1409
1410,1510
1410,1310
1411,1412
1411,1410
1411,1511
1411,1311
1412,1413
1412,1411
1412,1512
1412,1312
1413,1414
1413,1412
1413,1513
1413,1313
1414,1415
1414,1413
1414,1514
1414,1314
1415,1416
1415,1414
1415,1515
1415,1315
1416,1417
1416,1415
1416,1516
1416,1316
1417,1418
1417,1416
1417,1517
1417,1317
1418,1419
1418,1417
1418,1518
1418,1318
1419,1420
1419,1418
1419,1519
1419,1319
1420,1421
1420,1419
1420,1520
1420,1320
1421,1422
1421,1420
1421,1521
1421,1321
1422,1423
1422,1421
1422,1522
1422,1322
1423,1424
1423,1422
1423,1523
1423,1323
1424,1425
1424,1423
1424,1524
1424,1324
1425,1426
1425,1424
1425,1525
1425,1325
1426,1427
1426,1425
1426,1526
1426,1326
1427,1428
1427,1426
1427,1527
1427,1327
1428,1429
1428,1427
1428,1528
1428,1328
1429,1430
1429,1428
1429,1529
1429,1329
1430,1431
1430,1429
1430,1530
1430,1330
1431,1432
1431,1430
1431,1531
1431,1331
1432,1433
1432,1431
1432,1532
1432,1332
1433,1434
1433,1432
1433,1533
1433,1333
1434,1435
1434,1433
1434,1534
1434,1334
1435,1436
1435,1434
1435,1535
1435,1335
1436,1437
1436,1435
1436,1536
1436,1336
1437,1438
1437,1436
1437,1537
1437,1337
1438,1439
1438,1437
1438,1538
1438,1338
1439,1440
1439,1438
1439,1539
1439,1339
1440,1441
1440,1439
1440,1540
1440,1340
1441,1442
1441,1440
1441,1541
1441,1341
1442,1443
1442,1441
1442,1542
1442,1342
1443,1444
1443,1442
1443,1543
1443,1343
1444,1445
1444,1443
1444,1544
1444,1344
1445,1446
1445,1444
1445,1545
1445,1345
1446,1447
1446,1445
1446,1546
1446,1346
1447,1448
1447,1446
1447,1547
1447,1347
1448,1449
1448,1447
1448,1548
1448,1348
1449,1450
1449,1448
1449,1549
1449,1349
1450,1451
1450,1449
1450,1550
1450,1350
1451,1452
1451,1450
1451,1551
1451,1351
1452,1453
1452,1451
1452,1552
1452,1352
1453,1454
1453,1452
1453,1553
1453,1353
1454,1455
1454,1453
1454,1554
1454,1354
1455,1456
1455,1454
1455,1555
1455,1355
1456,1457
1456,1455
1456,1556
1456,1356
1457,1458
1457,1456
1457,1557
1457,1357
1458,1459
1458,1457
1458,1558
1458,1358
1459,1460
1459,1458
1459,1559
1459,1359
1460,1461
1460,1459
1460,1560
1460,1360
1461,1462
1461,1460
1461,1561
1461,1361
1462,1463
1462,1461
1462,1562
1462,1362
1463,1464
1463,1462
1463,1563
1463,1363
1464,1465
1464,1463
1464,1564
1464,1364
1465,1466
1465,1464
1465,1565
1465,1365
1466,1467
1466,1465
1466,1566
1466,1366
1467,1468
1467,1466
1467,1567
1467,1367
1468,1469
1468,1467
1468,1568
1468,1368
1469,1470
1469,1468
1469,1569
1469,1369
1470,1471
1470,1469
1470,1570
1470,1370
1471,1472
1471,1470
1471,1571
1471,1371
1472,1473
1472,1471
1472,1572
1472,1372
1473,1474
1473,1472
1473,1573
1473,1373
1474,1475
1474,1473
1474,1574
1474,1374
1475,1476
1475,1474
1475,1575
1475,1375
1476,1477
1476,1475
1476,1576
1476,1376
1477,1478
1477,1476
1477,1577
1477,1377
1478,1479
1478,1477
1478,1578
1478,1378
1479,1480
1479,1478
1479,1579
1479,1379
1480,1481
1480,1479
1480,1580
1480,1380
1481,1482
1481,1480
1481,1581
1481,1381
1482,1483
1482,1481
1482,1582
1482,1382
1483,1484
1483,1482
1483,1583
1483,1383
1484,1485
1484,1483
1484,1584
1484,1384
1485,1486
1485,1484
1485,1585
1485,1385
1486,1487
1486,1485
1486,1586
1486,1386
1487,1488
1487,1486
1487,1587
1487,1387
1488,1489
1488,1487
1488,1588
1488,1388
1489,1490
1489,1488
1489,1589
1489,1389
1490,1491
1490,1489
1490,1590
1490,1390
1491,1492
1491,1490
1491,1591
1491,1391
1492,1493
1492,1491
1492,1592
1492,1392
1493,1494
1493,1492
1493,1593
1493,1393
1494,1495
1494,1493
1494,1594
1494,1394
1495,1496
1495,1494
1495,1595
1495,1395
1496,1497
1496,1495
1496,1596
1496,1396
1497,1498
1497,1496
1497,1597
1497,1397
1498,1499
1498,1497
1498,1598
1498,1398
1499,1500
1499,1498
1499,1599
1499,1399
1500,1499
1500,1600
1500,1400
1501,1502
1501,1601
1501,1401
1502,1503
1502,1501
1502,1602
1502,1402
1503,1504
1503,1502
1503,1603
1503,1403
1504,1505
1504,1503
1504,1604
1504,1404
1505,1506
1505,1504
1505,1605
1505,1405
1506,1507
1506,1505
1506,1606
1506,1406
1507,1508
1507,1506
1507,1607
1507,1407
1508,1509
1508,1507
1508,1608
1508,1408
1509,1510
1509,1508
1509,1609
1509,1409
1510,1511
1510,1509
1510,1610
1510,1410
1511,1512
1511,1510
1511,1611
1511,1411
1512,1513
1512,1511
1512,1612
1512,1412
1513,1514
1513,1512
1513,1613
1513,1413
1514,1515
1514,1513
1514,1614
1514,1414
1515,1516
1515,1514
1515,1615
1515,1415
1516,1517
1516,1515
1516,1616
1516,1416
1517,1518
1517,1516
1517,1617
1517,1417
1518,1519
1518,1517
1518,1618
1518,1418
1519,1520
1519,1518
1519,1619
1519,1419
1520,1521
1520,1519
1520,1620
1520,1420
1521,1522
1521,1520
1521,1621
1521,1421
1522,1523
1522,1521
1522,1622
1522,1422
1523,1524
1523,1522
1523,1623
1523,1423
1524,1525
1524,1523
1524,1624
1524,1424
1525,1526
1525,1524
1525,1625
1525,1425
1526,1527
1526,1525
1526,1626
1526,1426
1527,1528
1527,1526
1527,1627
1527,1427
1528,1529
1528,1527
1528,1628
1528,1428
1529,1530
1529,1528
1529,1629
1529,1429
1530,1531
1530,1529
1530,1630
1530,1430
1531,1532
1531,1530
1531,1631
1531,1431
1532,1533
1532,1531
1532,1632
1532,1432
1533,1534
1533,1532
1533,1633
1533,1433
1534,1535
1534,1533
1534,1634
1534,1434
1535,1536
1535,1534
1535,1635
1535,1435
1536,1537
1536,1535
1536,1636
1536,1436
1537,1538
1537,1536
1537,1637
1537,1437
1538,1539
1538,1537
1538,1638
1538,1438
1539,1540
1539,1538
1539,1639
1539,1439
1540,1541
1540,1539
1540,1640
1540,1440
1541,1542
1541,1540
1541,1641
1541,1441
1542,1543
1542,1541
1542,1642
1542,1442
1543,1544
1543,1542
1543,1643
1543,1443
1544,1545
1544,1543
1544,1644
1544,1444
1545,1546
1545,1544
1545,1645
1545,1445
1546,1547
1546,1545
1546,1646
1546,1446
1547,1548
1547,1546
1547,1647
1547,1447
1548,1549
1548,1547
1548,1648
1548,1448
1549,1550
1549,1548
1549,1649
1549,1449
1550,1551
1550,1549
1550,1650
1550,1450
1551,1552
1551,1550
1551,1651
1551,1451
1552,1553
1552,1551
1552,1652
1552,1452
1553,1554
1553,1552
1553,1653
1553,1453
1554,1555
1554,1553
1554,1654
1554,1454
1555,1556
1555,1554
1555,1655
1555,1455
1556,1557
1556,1555
1556,1656
1556,1456
1557,1558
1557,1556
1557,1657
1557,1457
1558,1559
1558,1557
1558,1658
1558,1458
1559,1560
1559,1558
1559,1659
1559,1459
1560,1561
1560,1559
1560,1660
1560,1460
1561,1562
1561,1560
1561,1661
1561,1461
1562,1563
1562,1561
1562,1662
1562,1462
1563,1564
1563,1562
1563,1663
1563,1463
1564,1565
1564,1563
1564,1664
1564,1464
1565,1566
1565,1564
1565,1665
1565,1465
1566,1567
1566,1565
1566,1666
1566,1466
1567,1568
1567,1566
1567,1667
1567,1467
1568,1569
1568,1567
1568,1668
1568,1468
1569,1570
1569,1568
1569,1669
1569,1469
1570,1571
1570,1569
1570,1670
1570,1470
1571,1572
1571,1570
1571,1671
1571,1471
1572,1573
1572,1571
1572,1672
1572,1472
1573,1574
1573,1572
1573,1673
1573,1473
1574,1575
1574,1573
1574,1674
1574,1474
1575,1576
1575,1574
1575,1675
1575,1475
1576,1577
1576,1575
1576,1676
1576,1476
1577,1578
1577,1576
1577,1677
1577,1477
1578,1579
1578,1577
1578,1678
1578,1478
1579,1580
1579,1578
1579,1679
1579,1479
1580,1581
1580,1579
1580,1680
1580,1480
1581,1582
1581,1580
1581,1681
1581,1481
1582,1583
1582,1581
1582,1682
1582,1482
1583,1584
1583,1582
1583,1683
1583,1483
1584,1585
1584,1583
1584,1684
1584,1484
1585,1586
1585,1584
1585,1685
1585,1485
1586,1587
1586,1585
1586,1686
1586,1486
1587,1588
1587,1586
1587,1687
1587,1487
1588,1589
1588,1587
1588,1688
1588,1488
1589,1590
1589,1588
1589,1689
1589,1489
1590,1591
1590,1589
1590,1690
1590,1490
1591,1592
1591,1590
1591,1691
1591,1491
1592,1593
1592,1591
1592,1692
1592,1492
1593,1594
1593,1592
1593,1693
1593,1493
1594,1595
1594,1593
1594,1694
1594,1494
1595,1596
1595,1594
1595,1695
1595,1495
1596,1597
1596,1595
1596,1696
1596,1496
1597,1598
1597,1596
1597,1697
1597,1497
1598,1599
1598,1597
1598,1698
1598,1498
1599,1600
1599,1598
1599,1699
1599,1499
1600,1599
1600,1700
1600,1500
1601,1602
1601,1701
1601,1501
1602,1603
1602,1601
1602,1702
1602,1502
1603,1604
1603,1602
1603,1703
1603,1503
1604,1605
1604,1603
1604,1704
1604,1504
1605,1606
1605,1604
1605,1705
1605,1505
1606,1607
1606,1605
1606,1706
1606,1506
1607,1608
1607,1606
1607,1707
1607,1507
1608,1609
1608,1607
1608,1708
1608,1508
1609,1610
1609,1608
1609,1709
1609,1509
1610,1611
1610,1609
1610,1710
1610,1510
1611,1612
1611,1610
1611,1711
1611,1511
1612,1613
1612,1611
1612,1712
1612,1512
1613,1614
1613,1612
1613,1713
1613,1513
1614,1615
1614,1613
1614,1714
1614,1514
1615,1616
1615,1614
1615,1715
1615,1515
1616,1617
1616,1615
1616,1716
1616,1516
1617,1618
1617,1616
1617,1717
1617,1517
1618,1619
1618,1617
1618,1718
1618,1518
1619,1620
1619,1618
1619,1719
1619,1519
1620,1621
1620,1619
1620,1720
1620,1520
1621,1622
1621,1620
1621,1721
1621,1521
1622,1623
1622,1621
1622,1722
1622,1522
1623,1624
1623,1622
1623,1723
1623,1523
1624,1625
1624,1623
1624,1724
1624,1524
1625,1626
1625,1624
1625,1725
1625,1525
1626,1627
1626,1625
1626,1726
1626,1526
1627,1628
1627,1626
1627,1727
1627,1527
1628,1629
1628,1627
1628,1728
1628,1528
1629,1630
1629,1628
1629,1729
1629,1529
1630,1631
1630,1629
1630,1730
1630,1530
1631,1632
1631,1630
1631,1731
1631,1531
1632,1633
1632,1631
1632,1732
1632,1532
1633,1634
1633,1632
1633,1733
1633,1533
1634,1635
1634,1633
1634,1734
1634,1534
1635,1636
1635,1634
1635,1735
1635,1535
1636,1637
1636,1635
1636,1736
1636,1536
1637,1638
1637,1636
1637,1737
1637,1537
1638,1639
1638,1637
1638,1738
1638,1538
1639,1640
1639,1638
1639,1739
1639,1539
1640,1641
1640,1639
1640,1740
1640,1540
1641,1642
1641,1640
1641,1741
1641,1541
1642,1643
1642,1641
1642,1742
1642,1542
1643,1644
1643,1642
1643,1743
1643,1543
1644,1645
1644,1643
1644,1744
1644,1544
1645,1646
1645,1644
1645,1745
1645,1545
1646,1647
1646,1645
1646,1746
1646,1546
1647,1648
1647,1646
1647,1747
1647,1547
1648,1649
1648,1647
1648,1748
1648,1548
1649,1650
1649,1648
1649,1749
1649,1549
1650,1651
1650,1649
1650,1750
1650,1550
1651,1652
1651,1650
1651,1751
1651,1551
1652,1653
1652,1651
1652,1752
1652,1552
1653,1654
1653,1652
1653,1753
1653,1553
1654,1655
1654,1653
1654,1754
1654,1554
1655,1656
1655,1654
1655,1755
1655,1555
1656,1657
1656,1655
1656,1756
1656,1556
1657,1658
1657,1656
1657,1757
1657,1557
1658,1659
1658,1657
1658,1758
1658,1558
1659,1660
1659,1658
1659,1759
1659,1559
1660,1661
1660,1659
1660,1760
1660,1560
1661,1662
1661,1660
1661,1761
1661,1561
1662,1663
1662,1661
1662,1762
1662,1562
1663,1664
1663,1662
1663,1763
1663,1563
1664,1665
1664,1663
1664,1764
1664,1564
1665,1666
1665,1664
1665,1765
1665,1565
1666,1667
1666,1665
1666,1766
1666,1566
1667,1668
1667,1666
1667,1767
1667,1567
1668,1669
1668,1667
1668,1768
1668,1568
1669,1670
1669,1668
1669,1769
1669,1569
1670,1671
1670,1669
1670,1770
1670,1570
1671,1672
1671,1670
1671,1771
1671,1571
1672,1673
1672,1671
1672,1772
1672,1572
1673,1674
1673,1672
1673,1773
1673,1573
1674,1675
1674,1673
1674,1774
1674,1574
1675,1676
1675,1674
1675,1775
1675,1575
1676,1677
1676,1675
1676,1776
1676,1576
1677,1678
1677,1676
1677,1777
1677,1577
1678,1679
1678,1677
1678,1778
1678,1578
1679,1680
1679,1678
1679,1779
1679,1579
1680,1681
1680,1679
1680,1780
1680,1580
1681,1682
1681,1680
1681,1781
1681,1581
1682,1683
1682,1681
1682,1782
1682,1582
1683,1684
1683,1682
1683,1783
1683,1583
1684,1685
1684,1683
1684,1784
1684,1584
1685,1686
1685,1684
1685,1785
1685,1585
1686,1687
1686,1685
1686,1786
1686,1586
1687,1688
1687,1686
1687,1787
1687,1587
1688,1689
1688,1687
1688,1788
1688,1588
1689,1690
1689,1688
1689,1789
1689,1589
1690,1691
1690,1689
1690,1790
1690,1590
1691,1692
1691,1690
1691,1791
1691,1591
1692,1693
1692,1691
1692,1792
1692,1592
1693,1694
1693,1692
1693,1793
1693,1593
1694,1695
1694,1693
1694,1794
1694,1594
1695,1696
1695,1694
1695,1795
1695,1595
1696,1697
1696,1695
1696,1796
1696,1596
1697,1698
1697,1696
1697,1797
1697,1597
1698,1699
1698,1697
1698,1798
1698,1598
1699,1700
1699,1698
1699,1799
1699,1599
1700,1699
1700,1800
1700,1600
1701,1702
1701,1801
1701,1601
1702,1703
1702,1701
1702,1802
1702,1602
1703,1704
1703,1702
1703,1803
1703,1603
1704,1705
1704,1703
1704,1804
1704,1604
1705,1706
1705,1704
1705,1805
1705,1605
1706,1707
1706,1705
1706,1806
1706,1606
1707,1708
1707,1706
1707,1807
1707,1607
1708,1709
1708,1707
1708,1808
1708,1608
1709,1710
1709,1708
1709,1809
1709,1609
1710,1711
1710,1709
1710,1810
1710,1610
1711,1712
1711,1710
1711,1811
1711,1611
1712,1713
1712,1711
1712,1812
1712,1612
1713,1714
1713,1712
1713,1813
1713,1613
1714,1715
1714,1713
1714,1814
1714,1614
1715,1716
1715,1714
1715,1815
1715,1615
1716,1717
1716,1715
1716,1816
1716,1616
1717,1718
1717,1716
1717,1817
1717,1617
1718,1719
1718,1717
1718,1818
1718,1618
1719,1720
1719,1718
1719,1819
1719,1619
1720,1721
1720,1719
1720,1820
1720,1620
1721,1722
1721,1720
1721,1821
1721,1621
1722,1723
1722,1721
1722,1822
1722,1622
1723,1724
1723,1722
1723,1823
1723,1623
1724,1725
1724,1723
1724,1824
1724,1624
1725,1726
1725,1724
1725,1825
1725,1625
1726,1727
1726,1725
1726,1826
1726,1626
1727,1728
1727,1726
1727,1827
1727,1627
1728,1729
1728,1727
1728,1828
1728,1628
1729,1730
1729,1728
1729,1829
1729,1629
1730,1731
1730,1729
1730,1830
1730,1630
1731,1732
1731,1730
1731,1831
1731,1631
1732,1733
1732,1731
1732,1832
1732,1632
1733,1734
1733,1732
1733,1833
1733,1633
1734,1735
1734,1733
1734,1834
1734,1634
1735,1736
1735,1734
1735,1835
1735,1635
1736,1737
1736,1735
1736,1836
1736,1636
1737,1738
1737,1736
1737,1837
1737,1637
1738,1739
1738,1737
1738,1838
1738,1638
1739,1740
1739,1738
1739,1839
1739,1639
1740,1741
1740,1739
1740,1840
1740,1640
1741,1742
1741,1740
1741,1841
1741,1641
1742,1743
1742,1741
1742,1842
1742,1642
1743,1744
1743,1742
1743,1843
1743,1643
1744,1745
1744,1743
1744,1844
1744,1644
1745,1746
1745,1744
1745,1845
1745,1645
1746,1747
1746,1745
1746,1846
1746,1646
1747,1748
1747,1746
1747,1847
1747,1647
1748,1749
1748,1747
1748,1848
1748,1648
1749,1750
1749,1748
1749,1849
1749,1649
1750,1751
1750,1749
1750,1850
1750,1650
1751,1752
1751,1750
1751,1851
1751,1651
1752,1753
1752,1751
1752,1852
1752,1652
1753,1754
1753,1752
1753,1853
1753,1653
1754,1755
1754,1753
1754,1854
1754,1654
1755,1756
1755,1754
1755,1855
1755,1655
1756,1757
1756,1755
1756,1856
1756,1656
1757,1758
1757,1756
1757,1857
1757,1657
1758,1759
1758,1757
1758,1858
1758,1658
1759,1760
1759,1758
1759,1859
1759,1659
1760,1761
1760,1759
1760,1860
1760,1660
1761,1762
1761,1760
1761,1861
1761,1661
1762,1763
1762,1761
1762,1862
1762,1662
1763,1764
1763,1762
1763,1863
1763,1663
1764,1765
1764,1763
1764,1864
1764,1664
1765,1766
1765,1764
1765,1865
1765,1665
1766,1767
1766,1765
1766,1866
1766,1666
1767,1768
1767,1766
1767,1867
1767,1667
1768,1769
1768,1767
1768,1868
1768,1668
1769,1770
1769,1768
1769,1869
1769,1669
1770,1771
1770,1769
1770,1870
1770,1670
1771,1772
1771,1770
1771,1871
1771,1671
1772,1773
1772,1771
1772,1872
1772,1672
1773,1774
1773,1772
1773,1873
1773,1673
1774,1775
1774,1773
1774,1874
1774,1674
1775,1776
1775,1774
1775,1875
1775,1675
1776,1777
1776,1775
1776,1876
1776,1676
1777,1778
1777,1776
1777,1877
1777,1677
1778,1779
1778,1777
1778,1878
1778,1678
1779,1780
1779,1778
1779,1879
1779,1679
1780,1781
1780,1779
1780,1880
1780,1680
1781,1782
1781,1780
1781,1881
1781,1681
1782,1783
1782,1781
1782,1882
1782,1682
1783,1784
1783,1782
1783,1883
1783,1683
1784,1785
1784,1783
1784,1884
1784,1684
1785,1786
1785,1784
1785,1885
1785,1685
1786,1787
1786,1785
1786,1886
1786,1686
1787,1788
1787,1786
1787,1887
1787,1687
1788,1789
1788,1787
1788,1888
1788,1688
1789,1790
1789,1788
1789,1889
1789,1689
1790,1791
1790,1789
1790,1890
1790,1690
1791,1792
1791,1790
1791,1891
1791,1691
1792,1793
1792,1791
1792,1892
1792,1692
1793,1794
1793,1792
1793,1893
1793,1693
1794,1795
1794,1793
1794,1894
1794,1694
1795,1796
1795,1794
1795,1895
1795,1695
1796,1797
1796,1795
1796,1896
1796,1696
1797,1798
1797,1796
1797,1897
1797,1697
1798,1799
1798,1797
1798,1898
1798,1698
1799,1800
1799,1798
1799,1899
1799,1699
1800,1799
1800,1900
1800,1700
1801,1802
1801,1901
1801,1701
1802,1803
1802,1801
1802,1902
1802,1702
1803,1804
1803,1802
1803,1903
1803,1703
1804,1805
1804,1803
1804,1904
1804,1704
1805,1806
1805,1804
1805,1905
1805,1705
1806,1807
1806,1805
1806,1906
1806,1706
1807,1808
1807,1806
1807,1907
1807,1707
1808,1809
1808,1807
1808,1908
1808,1708
1809,1810
1809,1808
1809,1909
1809,1709
1810,1811
1810,1809
1810,1910
1810,1710
1811,1812
1811,1810
1811,1911
1811,1711
1812,1813
1812,1811
1812,1912
1812,1712
1813,1814
1813,1812
1813,1913
1813,1713
1814,1815
1814,1813
1814,1914
1814,1714
1815,1816
1815,1814
1815,1915
1815,1715
1816,1817
1816,1815
1816,1916
1816,1716
1817,1818
1817,1816
1817,1917
1817,1717
1818,1819
1818,1817
1818,1918
1818,1718
1819,1820
1819,1818
1819,1919
1819,1719
1820,1821
1820,1819
1820,1920
1820,1720
1821,1822
1821,1820
1821,1921
1821,1721
1822,1823
1822,1821
1822,1922
1822,1722
1823,1824
1823,1822
1823,1923
1823,1723
1824,1825
1824,1823
1824,1924
1824,1724
1825,1826
1825,1824
1825,1925
1825,1725
1826,1827
1826,1825
1826,1926
1826,1726
1827,1828
1827,1826
1827,1927
1827,1727
1828,1829
1828,1827
1828,1928
1828,1728
1829,1830
1829,1828
1829,1929
1829,1729
1830,1831
1830,1829
1830,1930
1830,1730
1831,1832
1831,1830
1831,1931
1831,1731
1832,1833
1832,1831
1832,1932
1832,1732
1833,1834
1833,1832
1833,1933
1833,1733
1834,1835
1834,1833
1834,1934
1834,1734
1835,1836
1835,1834
1835,1935
1835,1735
1836,1837
1836,1835
1836,1936
1836,1736
1837,1838
1837,1836
1837,1937
1837,1737
1838,1839
1838,1837
1838,1938
1838,1738
1839,1840
1839,1838
1839,1939
1839,1739
1840,1841
1840,1839
1840,1940
1840,1740
1841,1842
1841,1840
1841,1941
1841,1741
1842,1843
1842,1841
1842,1942
1842,1742
1843,1844
1843,1842
1843,1943
1843,1743
1844,1845
1844,1843
1844,1944
1844,1744
1845,1846
1845,1844
1845,1945
1845,1745
1846,1847
1846,1845
1846,1946
1846,1746
1847,1848
1847,1846
1847,1947
1847,1747
1848,1849
1848,1847
1848,1948
1848,1748
1849,1850
1849,1848
1849,1949
1849,1749
1850,1851
1850,1849
1850,1950
1850,1750
1851,1852
1851,1850
1851,1951
1851,1751
1852,1853
1852,1851
1852,1952
1852,1752
1853,1854
1853,1852
1853,1953
1853,1753
1854,1855
1854,1853
1854,1954
1854,1754
1855,1856
1855,1854
1855,1955
1855,1755
1856,1857
1856,1855
1856,1956
1856,1756
1857,1858
1857,1856
1857,1957
1857,1757
1858,1859
1858,1857
1858,1958
1858,1758
1859,1860
1859,1858
1859,1959
1859,1759
1860,1861
1860,1859
1860,1960
1860,1760
1861,1862
1861,1860
1861,1961
1861,1761
1862,1863
1862,1861
1862,1962
1862,1762
1863,1864
1863,1862
1863,1963
1863,1763
1864,1865
1864,1863
1864,1964
1864,1764
1865,1866
1865,1864
1865,1965
1865,1765
1866,1867
1866,1865
1866,1966
1866,1766
1867,1868
1867,1866
1867,1967
1867,1767
1868,1869
1868,1867
1868,1968
1868,1768
1869,1870
1869,1868
1869,1969
1869,1769
1870,1871
1870,1869
1870,1970
1870,1770
1871,1872
1871,1870
1871,1971
1871,1771
1872,1873
1872,1871
1872,1972
1872,1772
1873,1874
1873,1872
1873,1973
1873,1773
1874,1875
1874,1873
1874,1974
1874,1774
1875,1876
1875,1874
1875,1975
1875,1775
1876,1877
1876,1875
1876,1976
1876,1776
1877,1878
1877,1876
1877,1977
1877,1777
1878,1879
1878,1877
1878,1978
1878,1778
1879,1880
1879,1878
1879,1979
1879,1779
1880,1881
1880,1879
1880,1980
1880,1780
1881,1882
1881,1880
1881,1981
1881,1781
1882,1883
1882,1881
1882,1982
1882,1782
1883,1884
1883,1882
1883,1983
1883,1783
1884,1885
1884,1883
1884,1984
1884,1784
1885,1886
1885,1884
1885,1985
1885,1785
1886,1887
1886,1885
1886,1986
1886,1786
1887,1888
1887,1886
1887,1987
1887,1787
1888,1889
1888,1887
1888,1988
1888,1788
1889,1890
1889,1888
1889,1989
1889,1789
1890,1891
1890,1889
1890,1990
1890,1790
1891,1892
1891,1890
1891,1991
1891,1791
1892,1893
1892,1891
1892,1992
1892,1792
1893,1894
1893,1892
1893,1993
1893,1793
1894,1895
1894,1893
1894,1994
1894,1794
1895,1896
1895,1894
1895,1995
1895,1795
1896,1897
1896,1895
1896,1996
1896,1796
1897,1898
1897,1896
1897,1997
1897,1797
1898,1899
1898,1897
1898,1998
1898,1798
1899,1900
1899,1898
1899,1999
1899,1799
1900,1899
1900,2000
1900,1800
1901,1902
1901,2001
1901,1801
1902,1903
1902,1901
1902,2002
1902,1802
1903,1904
1903,1902
1903,2003
1903,1803
1904,1905
1904,1903
1904,2004
1904,1804
1905,1906
1905,1904
1905,2005
1905,1805
1906,1907
1906,1905
1906,2006
1906,1806
1907,1908
1907,1906
1907,2007
1907,1807
1908,1909
1908,1907
1908,2008
1908,1808
1909,1910
1909,1908
1909,2009
1909,1809
1910,1911
1910,1909
1910,2010
1910,1810
1911,1912
1911,1910
1911,2011
1911,1811
1912,1913
1912,1911
1912,2012
1912,1812
1913,1914
1913,1912
1913,2013
1913,1813
1914,1915
1914,1913
1914,2014
1914,1814
1915,1916
1915,1914
1915,2015
1915,1815
1916,1917
1916,1915
1916,2016
1916,1816
1917,1918
1917,1916
1917,2017
1917,1817
1918,1919
1918,1917
1918,2018
1918,1818
1919,1920
1919,1918
1919,2019
1919,1819
1920,1921
1920,1919
1920,2020
1920,1820
1921,1922
1921,1920
1921,2021
1921,1821
1922,1923
1922,1921
1922,2022
1922,1822
1923,1924
1923,1922
1923,2023
1923,1823
1924,1925
1924,1923
1924,2024
1924,1824
1925,1926
1925,1924
1925,2025
1925,1825
1926,1927
1926,1925
1926,2026
1926,1826
1927,1928
1927,1926
1927,2027
1927,1827
1928,1929
1928,1927
1928,2028
1928,1828
1929,1930
1929,1928
1929,2029
1929,1829
1930,1931
1930,1929
1930,2030
1930,1830
1931,1932
1931,1930
1931,2031
1931,1831
1932,1933
1932,1931
1932,2032
1932,1832
1933,1934
1933,1932
1933,2033
1933,1833
1934,1935
1934,1933
1934,2034
1934,1834
1935,1936
1935,1934
1935,2035
1935,1835
1936,1937
1936,1935
1936,2036
1936,1836
1937,1938
1937,1936
1937,2037
1937,1837
1938,1939
1938,1937
1938,2038
1938,1838
1939,1940
1939,1938
1939,2039
1939,1839
1940,1941
1940,1939
1940,2040
1940,1840
1941,1942
1941,1940
1941,2041
1941,1841
1942,1943
1942,1941
1942,2042
1942,1842
1943,1944
1943,1942
1943,2043
1943,1843
1944,1945
1944,1943
1944,2044
1944,1844
1945,1946
1945,1944
1945,2045
1945,1845
1946,1947
1946,1945
1946,2046
1946,1846
1947,1948
1947,1946
1947,2047
1947,1847
1948,1949
1948,1947
1948,2048
1948,1848
1949,1950
1949,1948
1949,2049
1949,1849
1950,1951
1950,1949
1950,2050
1950,1850
1951,1952
1951,1950
1951,2051
1951,1851
1952,1953
1952,1951
1952,2052
1952,1852
1953,1954
1953,1952
1953,2053
1953,1853
1954,1955
1954,1953
1954,2054
1954,1854
1955,1956
1955,1954
1955,2055
1955,1855
1956,1957
1956,1955
1956,2056
1956,1856
1957,1958
1957,1956
1957,2057
1957,1857
1958,1959
1958,1957
1958,2058
1958,1858
1959,1960
1959,1958
1959,2059
1959,1859
1960,1961
1960,1959
1960,2060
1960,1860
1961,1962
1961,1960
1961,2061
1961,1861
1962,1963
1962,1961
1962,2062
1962,1862
1963,1964
1963,1962
1963,2063
1963,1863
1964,1965
1964,1963
1964,2064
1964,1864
1965,1966
1965,1964
1965,2065
1965,1865
1966,1967
1966,1965
1966,2066
1966,1866
1967,1968
1967,1966
1967,2067
1967,1867
1968,1969
1968,1967
1968,2068
1968,1868
1969,1970
1969,1968
1969,2069
1969,1869
1970,1971
1970,1969
1970,2070
1970,1870
1971,1972
1971,1970
1971,2071
1971,1871
1972,1973
1972,1971
1972,2072
1972,1872
1973,1974
1973,1972
1973,2073
1973,1873
1974,1975
1974,1973
1974,2074
1974,1874
1975,1976
1975,1974
1975,2075
1975,1875
1976,1977
1976,1975
1976,2076
1976,1876
1977,1978
1977,1976
1977,2077
1977,1877
1978,1979
1978,1977
1978,2078
1978,1878
1979,1980
1979,1978
1979,2079
1979,1879
1980,1981
1980,1979
1980,2080
1980,1880
1981,1982
1981,1980
1981,2081
1981,1881
1982,1983
1982,1981
1982,2082
1982,1882
1983,1984
1983,1982
1983,2083
1983,1883
1984,1985
1984,1983
1984,2084
1984,1884
1985,1986
1985,1984
1985,2085
1985,1885
1986,1987
1986,1985
1986,2086
1986,1886
1987,1988
1987,1986
1987,2087
1987,1887
1988,1989
1988,1987
1988,2088
1988,1888
1989,1990
1989,1988
1989,2089
1989,1889
1990,1991
1990,1989
1990,2090
1990,1890
1991,1992
1991,1990
1991,2091
1991,1891
1992,1993
1992,1991
1992,2092
1992,1892
1993,1994
1993,1992
1993,2093
1993,1893
1994,1995
1994,1993
1994,2094
1994,1894
1995,1996
1995,1994
1995,2095
1995,1895
1996,1997
1996,1995
1996,2096
1996,1896
1997,1998
1997,1996
1997,2097
1997,1897
1998,1999
1998,1997
1998,2098
1998,1898
1999,2000
1999,1998
1999,2099
1999,1899
2000,1999
2000,2100
2000,1900
2001,2002
2001,2101
2001,1901
2002,2003
2002,2001
2002,2102
2002,1902
2003,2004
2003,2002
2003,2103
2003,1903
2004,2005
2004,2003
2004,2104
2004,1904
2005,2006
2005,2004
2005,2105
2005,1905
2006,2007
2006,2005
2006,2106
2006,1906
2007,2008
2007,2006
2007,2107
2007,1907
2008,2009
2008,2007
2008,2108
2008,1908
2009,2010
2009,2008
2009,2109
2009,1909
2010,2011
2010,2009
2010,2110
2010,1910
2011,2012
2011,2010
2011,2111
2011,1911
2012,2013
2012,2011
2012,2112
2012,1912
2013,2014
2013,2012
2013,2113
2013,1913
2014,2015
2014,2013
2014,2114
2014,1914
2015,2016
2015,2014
2015,2115
2015,1915
2016,2017
2016,2015
2016,2116
2016,1916
2017,2018
2017,2016
2017,2117
2017,1917
2018,2019
2018,2017
2018,2118
2018,1918
2019,2020
2019,2018
2019,2119
2019,1919
2020,2021
2020,2019
2020,2120
2020,1920
2021,2022
2021,2020
2021,2121
2021,1921
2022,2023
2022,2021
2022,2122
2022,1922
2023,2024
2023,2022
2023,2123
2023,1923
2024,2025
2024,2023
2024,2124
2024,1924
2025,2026
2025,2024
2025,2125
2025,1925
2026,2027
2026,2025
2026,2126
2026,1926
2027,2028
2027,2026
2027,2127
2027,1927
2028,2029
2028,2027
2028,2128
2028,1928
2029,2030
2029,2028
2029,2129
2029,1929
2030,2031
2030,2029
2030,2130
2030,1930
2031,2032
2031,2030
2031,2131
2031,1931
2032,2033
2032,2031
2032,2132
2032,1932
2033,2034
2033,2032
2033,2133
2033,1933
2034,2035
2034,2033
2034,2134
2034,1934
2035,2036
2035,2034
2035,2135
2035,1935
2036,2037
2036,2035
2036,2136
2036,1936
2037,2038
2037,2036
2037,2137
2037,1937
2038,2039
2038,2037
2038,2138
2038,1938
2039,2040
2039,2038
2039,2139
2039,1939
2040,2041
2040,2039
2040,2140
2040,1940
2041,2042
2041,2040
2041,2141
2041,1941
2042,2043
2042,2041
2042,2142
2042,1942
2043,2044
2043,2042
2043,2143
2043,1943
2044,2045
2044,2043
2044,2144
2044,1944
2045,2046
2045,2044
2045,2145
2045,1945
2046,2047
2046,2045
2046,2146
2046,1946
2047,2048
2047,2046
2047,2147
2047,1947
2048,2049
2048,2047
2048,2148
2048,1948
2049,2050
2049,2048
2049,2149
2049,1949
2050,2051
2050,2049
2050,2150
2050,1950
2051,2052
2051,2050
2051,2151
2051,1951
2052,2053
2052,2051
2052,2152
2052,1952
2053,2054
2053,2052
2053,2153
2053,1953
2054,2055
2054,2053
2054,2154
2054,1954
2055,2056
2055,2054
2055,2155
2055,1955
2056,2057
2056,2055
2056,2156
2056,1956
2057,2058
2057,2056
2057,2157
2057,1957
2058,2059
2058,2057
2058,2158
2058,1958
2059,2060
2059,2058
2059,2159
2059,1959
2060,2061
2060,2059
2060,2160
2060,1960
2061,2062
2061,2060
2061,2161
2061,1961
2062,2063
2062,2061
2062,2162
2062,1962
2063,2064
2063,2062
2063,2163
2063,1963
2064,2065
2064,2063
2064,2164
2064,1964
2065,2066
2065,2064
2065,2165
2065,1965
2066,2067
2066,2065
2066,2166
2066,1966
2067,2068
2067,2066
2067,2167
2067,1967
2068,2069
2068,2067
2068,2168
2068,1968
2069,2070
2069,2068
2069,2169
2069,1969
2070,2071
2070,2069
2070,2170
2070,1970
2071,2072
2071,2070
2071,2171
2071,1971
2072,2073
2072,2071
2072,2172
2072,1972
2073,2074
2073,2072
2073,2173
2073,1973
2074,2075
2074,2073
2074,2174
2074,1974
2075,2076
2075,2074
2075,2175
2075,1975
2076,2077
2076,2075
2076,2176
2076,1976
2077,2078
2077,2076
2077,2177
2077,1977
2078,2079
2078,2077
2078,2178
2078,1978
2079,2080
2079,2078
2079,2179
2079,1979
2080,2081
2080,2079
2080,2180
2080,1980
2081,2082
2081,2080
2081,2181
2081,1981
2082,2083
2082,2081
2082,2182
2082,1982
2083,2084
2083,2082
2083,2183
2083,1983
2084,2085
2084,2083
2084,2184
2084,1984
2085,2086
2085,2084
2085,2185
2085,1985
2086,2087
2086,2085
2086,2186
2086,1986
2087,2088
2087,2086
2087,2187
2087,1987
2088,2089
2088,2087
2088,2188
2088,1988
2089,2090
2089,2088
2089,2189
2089,1989
2090,2091
2090,2089
2090,2190
2090,1990
2091,2092
2091,2090
2091,2191
2091,1991
2092,2093
2092,2091
2092,2192
2092,1992
2093,2094
2093,2092
2093,2193
2093,1993
2094,2095
2094,2093
2094,2194
2094,1994
2095,2096
2095,2094
2095,2195
2095,1995
2096,2097
2096,2095
2096,2196
2096,1996
2097,2098
2097,2096
2097,2197
2097,1997
2098,2099
2098,2097
2098,2198
2098,1998
2099,2100
2099,2098
2099,2199
2099,1999
2100,2099
2100,2200
2100,2000
2101,2102
2101,2201
2101,2001
2102,2103
2102,2101
2102,2202
2102,2002
2103,2104
2103,2102
2103,2203
2103,2003
2104,2105
2104,2103
2104,2204
2104,2004
2105,2106
2105,2104
2105,2205
2105,2005
2106,2107
2106,2105
2106,2206
2106,2006
2107,2108
2107,2106
2107,2207
2107,2007
2108,2109
2108,2107
2108,2208
2108,2008
2109,2110
2109,2108
2109,2209
2109,2009
2110,2111
2110,2109
2110,2210
2110,2010
2111,2112
2111,2110
2111,2211
2111,2011
2112,2113
2112,2111
2112,2212
2112,2012
2113,2114
2113,2112
2113,2213
2113,2013
2114,2115
2114,2113
2114,2214
2114,2014
2115,2116
2115,2114
2115,2215
2115,2015
2116,2117
2116,2115
2116,2216
2116,2016
2117,2118
2117,2116
2117,2217
2117,2017
2118,2119
2118,2117
2118,2218
2118,2018
2119,2120
2119,2118
2119,2219
2119,2019
2120,2121
2120,2119
2120,2220
2120,2020
2121,2122
2121,2120
2121,2221
2121,2021
2122,2123
2122,2121
2122,2222
2122,2022
2123,2124
2123,2122
2123,2223
2123,2023
2124,2125
2124,2123
2124,2224
2124,2024
2125,2126
2125,2124
2125,2225
2125,2025
2126,2127
2126,2125
2126,2226
2126,2026
2127,2128
2127,2126
2127,2227
2127,2027
2128,2129
2128,2127
2128,2228
2128,2028
2129,2130
2129,2128
2129,2229
2129,2029
2130,2131
2130,2129
2130,2230
2130,2030
2131,2132
2131,2130
2131,2231
2131,2031
2132,2133
2132,2131
2132,2232
2132,2032
2133,2134
2133,2132
2133,2233
2133,2033
2134,2135
2134,2133
2134,2234
2134,2034
2135,2136
2135,2134
2135,2235
2135,2035
2136,2137
2136,2135
2136,2236
2136,2036
2137,2138
2137,2136
2137,2237
2137,2037
2138,2139
2138,2137
2138,2238
2138,2038
2139,2140
2139,2138
2139,2239
2139,2039
2140,2141
2140,2139
2140,2240
2140,2040
2141,2142
2141,2140
2141,2241
2141,2041
2142,2143
2142,2141
2142,2242
2142,2042
2143,2144
2143,2142
2143,2243
2143,2043
2144,2145
2144,2143
2144,2244
2144,2044
2145,2146
2145,2144
2145,2245
2145,2045
2146,2147
2146,2145
2146,2246
2146,2046
2147,2148
2147,2146
2147,2247
2147,2047
2148,2149
2148,2147
2148,2248
2148,2048
2149,2150
2149,2148
2149,2249
2149,2049
2150,2151
2150,2149
2150,2250
2150,2050
2151,2152
2151,2150
2151,2251
2151,2051
2152,2153
2152,2151
2152,2252
2152,2052
2153,2154
2153,2152
2153,2253
2153,2053
2154,2155
2154,2153
2154,2254
2154,2054
2155,2156
2155,2154
2155,2255
2155,2055
2156,2157
2156,2155
2156,2256
2156,2056
2157,2158
2157,2156
2157,2257
2157,2057
2158,2159
2158,2157
2158,2258
2158,2058
2159,2160
2159,2158
2159,2259
2159,2059
2160,2161
2160,2159
2160,2260
2160,2060
2161,2162
2161,2160
2161,2261
2161,2061
2162,2163
2162,2161
2162,2262
2162,2062
2163,2164
2163,2162
2163,2263
2163,2063
2164,2165
2164,2163
2164,2264
2164,2064
2165,2166
2165,2164
2165,2265
2165,2065
2166,2167
2166,2165
2166,2266
2166,2066
2167,2168
2167,2166
2167,2267
2167,2067
2168,2169
2168,2167
2168,2268
2168,2068
2169,2170
2169,2168
2169,2269
2169,2069
2170,2171
2170,2169
2170,2270
2170,2070
2171,2172
2171,2170
2171,2271
2171,2071
2172,2173
2172,2171
2172,2272
2172,2072
2173,2174
2173,2172
2173,2273
2173,2073
2174,2175
2174,2173
2174,2274
2174,2074
2175,2176
2175,2174
2175,2275
2175,2075
2176,2177
2176,2175
2176,2276
2176,2076
2177,2178
2177,2176
2177,2277
2177,2077
2178,2179
2178,2177
2178,2278
2178,2078
2179,2180
2179,2178
2179,2279
2179,2079
2180,2181
2180,2179
2180,2280
2180,2080
2181,2182
2181,2180
2181,2281
2181,2081
2182,2183
2182,2181
2182,2282
2182,2082
2183,2184
2183,2182
2183,2283
2183,2083
2184,2185
2184,2183
2184,2284
2184,2084
2185,2186
2185,2184
2185,2285
2185,2085
2186,2187
2186,2185
2186,2286
2186,2086
2187,2188
2187,2186
2187,2287
2187,2087
2188,2189
2188,2187
2188,2288
2188,2088
2189,2190
2189,2188
2189,2289
2189,2089
2190,2191
2190,2189
2190,2290
2190,2090
2191,2192
2191,2190
2191,2291
2191,2091
2192,2193
2192,2191
2192,2292
2192,2092
2193,2194
2193,2192
2193,2293
2193,2093
2194,2195
2194,2193
2194,2294
2194,2094
2195,2196
2195,2194
2195,2295
2195,2095
2196,2197
2196,2195
2196,2296
2196,2096
2197,2198
2197,2196
2197,2297
2197,2097
2198,2199
2198,2197
2198,2298
2198,2098
2199,2200
2199,2198
2199,2299
2199,2099
2200,2199
2200,2300
2200,2100
2201,2202
2201,2301
2201,2101
2202,2203
2202,2201
2202,2302
2202,2102
2203,2204
2203,2202
2203,2303
2203,2103
2204,2205
2204,2203
2204,2304
2204,2104
2205,2206
2205,2204
2205,2305
2205,2105
2206,2207
2206,2205
2206,2306
2206,2106
2207,2208
2207,2206
2207,2307
2207,2107
2208,2209
2208,2207
2208,2308
2208,2108
2209,2210
2209,2208
2209,2309
2209,2109
2210,2211
2210,2209
2210,2310
2210,2110
2211,2212
2211,2210
2211,2311
2211,2111
2212,2213
2212,2211
2212,2312
2212,2112
2213,2214
2213,2212
2213,2313
2213,2113
2214,2215
2214,2213
2214,2314
2214,2114
2215,2216
2215,2214
2215,2315
2215,2115
2216,2217
2216,2215
2216,2316
2216,2116
2217,2218
2217,2216
2217,2317
2217,2117
2218,2219
2218,2217
2218,2318
2218,2118
2219,2220
2219,2218
2219,2319
2219,2119
2220,2221
2220,2219
2220,2320
2220,2120
2221,2222
2221,2220
2221,2321
2221,2121
2222,2223
2222,2221
2222,2322
2222,2122
2223,2224
2223,2222
2223,2323
2223,2123
2224,2225
2224,2223
2224,2324
2224,2124
2225,2226
2225,2224
2225,2325
2225,2125
2226,2227
2226,2225
2226,2326
2226,2126
2227,2228
2227,2226
2227,2327
2227,2127
2228,2229
2228,2227
2228,2328
2228,2128
2229,2230
2229,2228
2229,2329
2229,2129
2230,2231
2230,2229
2230,2330
2230,2130
2231,2232
2231,2230
2231,2331
2231,2131
2232,2233
2232,2231
2232,2332
2232,2132
2233,2234
2233,2232
2233,2333
2233,2133
2234,2235
2234,2233
2234,2334
2234,2134
2235,2236
2235,2234
2235,2335
2235,2135
2236,2237
2236,2235
2236,2336
2236,2136
2237,2238
2237,2236
2237,2337
2237,2137
2238,2239
2238,2237
2238,2338
2238,2138
2239,2240
2239,2238
2239,2339
2239,2139
2240,2241
2240,2239
2240,2340
2240,2140
2241,2242
2241,2240
2241,2341
2241,2141
2242,2243
2242,2241
2242,2342
2242,2142
2243,2244
2243,2242
2243,2343
2243,2143
2244,2245
2244,2243
2244,2344
2244,2144
2245,2246
2245,2244
2245,2345
2245,2145
2246,2247
2246,2245
2246,2346
2246,2146
2247,2248
2247,2246
2247,2347
2247,2147
2248,2249
2248,2247
2248,2348
2248,2148
2249,2250
2249,2248
2249,2349
2249,2149
2250,2251
2250,2249
2250,2350
2250,2150
2251,2252
2251,2250
2251,2351
2251,2151
2252,2253
2252,2251
2252,2352
2252,2152
2253,2254
2253,2252
2253,2353
2253,2153
2254,2255
2254,2253
2254,2354
2254,2154
2255,2256
2255,2254
2255,2355
2255,2155
2256,2257
2256,2255
2256,2356
2256,2156
2257,2258
2257,2256
2257,2357
2257,2157
2258,2259
2258,2257
2258,2358
2258,2158
2259,2260
2259,2258
2259,2359
2259,2159
2260,2261
2260,2259
2260,2360
2260,2160
2261,2262
2261,2260
2261,2361
2261,2161
2262,2263
2262,2261
2262,2362
2262,2162
2263,2264
2263,2262
2263,2363
2263,2163
2264,2265
2264,2263
2264,2364
2264,2164
2265,2266
2265,2264
2265,2365
2265,2165
2266,2267
2266,2265
2266,2366
2266,2166
2267,2268
2267,2266
2267,2367
2267,2167
2268,2269
2268,2267
2268,2368
2268,2168
2269,2270
2269,2268
2269,2369
2269,2169
2270,2271
2270,2269
2270,2370
2270,2170
2271,2272
2271,2270
2271,2371
2271,2171
2272,2273
2272,2271
2272,2372
2272,2172
2273,2274
2273,2272
2273,2373
2273,2173
2274,2275
2274,2273
2274,2374
2274,2174
2275,2276
2275,2274
2275,2375
2275,2175
2276,2277
2276,2275
2276,2376
2276,2176
2277,2278
2277,2276
2277,2377
2277,2177
2278,2279
2278,2277
2278,2378
2278,2178
2279,2280
2279,2278
2279,2379
2279,2179
2280,2281
2280,2279
2280,2380
2280,2180
2281,2282
2281,2280
2281,2381
2281,2181
2282,2283
2282,2281
2282,2382
2282,2182
2283,2284
2283,2282
2283,2383
2283,2183
2284,2285
2284,2283
2284,2384
2284,2184
2285,2286
2285,2284
2285,2385
2285,2185
2286,2287
2286,2285
2286,2386
2286,2186
2287,2288
2287,2286
2287,2387
2287,2187
2288,2289
2288,2287
2288,2388
2288,2188
2289,2290
2289,2288
2289,2389
2289,2189
2290,2291
2290,2289
2290,2390
2290,2190
2291,2292
2291,2290
2291,2391
2291,2191
2292,2293
2292,2291
2292,2392
2292,2192
2293,2294
2293,2292
2293,2393
2293,2193
2294,2295
2294,2293
2294,2394
2294,2194
2295,2296
2295,2294
2295,2395
2295,2195
2296,2297
2296,2295
2296,2396
2296,2196
2297,2298
2297,2296
2297,2397
2297,2197
2298,2299
2298,2297
2298,2398
2298,2198
2299,2300
2299,2298
2299,2399
2299,2199
2300,2299
2300,2400
2300,2200
2301,2302
2301,2401
2301,2201
2302,2303
2302,2301
2302,2402
2302,2202
2303,2304
2303,2302
2303,2403
2303,2203
2304,2305
2304,2303
2304,2404
2304,2204
2305,2306
2305,2304
2305,2405
2305,2205
2306,2307
2306,2305
2306,2406
2306,2206
2307,2308
2307,2306
2307,2407
2307,2207
2308,2309
2308,2307
2308,2408
2308,2208
2309,2310
2309,2308
2309,2409
2309,2209
2310,2311
2310,2309
2310,2410
2310,2210
2311,2312
2311,2310
2311,2411
2311,2211
2312,2313
2312,2311
2312,2412
2312,2212
2313,2314
2313,2312
2313,2413
2313,2213
2314,2315
2314,2313
2314,2414
2314,2214
2315,2316
2315,2314
2315,2415
2315,2215
2316,2317
2316,2315
2316,2416
2316,2216
2317,2318
2317,2316
2317,2417
2317,2217
2318,2319
2318,2317
2318,2418
2318,2218
2319,2320
2319,2318
2319,2419
2319,2219
2320,2321
2320,2319
2320,2420
2320,2220
2321,2322
2321,2320
2321,2421
2321,2221
2322,2323
2322,2321
2322,2422
2322,2222
2323,2324
2323,2322
2323,2423
2323,2223
2324,2325
2324,2323
2324,2424
2324,2224
2325,2326
2325,2324
2325,2425
2325,2225
2326,2327
2326,2325
2326,2426
2326,2226
2327,2328
2327,2326
2327,2427
2327,2227
2328,2329
2328,2327
2328,2428
2328,2228
2329,2330
2329,2328
2329,2429
2329,2229
2330,2331
2330,2329
2330,2430
2330,2230
2331,2332
2331,2330
2331,2431
2331,2231
2332,2333
2332,2331
2332,2432
2332,2232
2333,2334
2333,2332
2333,2433
2333,2233
2334,2335
2334,2333
2334,2434
2334,2234
2335,2336
2335,2334
2335,2435
2335,2235
2336,2337
2336,2335
2336,2436
2336,2236
2337,2338
2337,2336
2337,2437
2337,2237
2338,2339
2338,2337
2338,2438
2338,2238
2339,2340
2339,2338
2339,2439
2339,2239
2340,2341
2340,2339
2340,2440
2340,2240
2341,2342
2341,2340
2341,2441
2341,2241
2342,2343
2342,2341
2342,2442
2342,2242
2343,2344
2343,2342
2343,2443
2343,2243
2344,2345
2344,2343
2344,2444
2344,2244
2345,2346
2345,2344
2345,2445
2345,2245
2346,2347
2346,2345
2346,2446
2346,2246
2347,2348
2347,2346
2347,2447
2347,2247
2348,2349
2348,2347
2348,2448
2348,2248
2349,2350
2349,2348
2349,2449
2349,2249
2350,2351
2350,2349
2350,2450
2350,2250
2351,2352
2351,2350
2351,2451
2351,2251
2352,2353
2352,2351
2352,2452
2352,2252
2353,2354
2353,2352
2353,2453
2353,2253
2354,2355
2354,2353
2354,2454
2354,2254
2355,2356
2355,2354
2355,2455
2355,2255
2356,2357
2356,2355
2356,2456
2356,2256
2357,2358
2357,2356
2357,2457
2357,2257
2358,2359
2358,2357
2358,2458
2358,2258
2359,2360
2359,2358
2359,2459
2359,2259
2360,2361
2360,2359
2360,2460
2360,2260
2361,2362
2361,2360
2361,2461
2361,2261
2362,2363
2362,2361
2362,2462
2362,2262
2363,2364
2363,2362
2363,2463
2363,2263
2364,2365
2364,2363
2364,2464
2364,2264
2365,2366
2365,2364
2365,2465
2365,2265
2366,2367
2366,2365
2366,2466
2366,2266
2367,2368
2367,2366
2367,2467
2367,2267
2368,2369
2368,2367
2368,2468
2368,2268
2369,2370
2369,2368
2369,2469
2369,2269
2370,2371
2370,2369
2370,2470
2370,2270
2371,2372
2371,2370
2371,2471
2371,2271
2372,2373
2372,2371
2372,2472
2372,2272
2373,2374
2373,2372
2373,2473
2373,2273
2374,2375
2374,2373
2374,2474
2374,2274
2375,2376
2375,2374
2375,2475
2375,2275
2376,2377
2376,2375
2376,2476
2376,2276
2377,2378
2377,2376
2377,2477
2377,2277
2378,2379
2378,2377
2378,2478
2378,2278
2379,2380
2379,2378
2379,2479
2379,2279
2380,2381
2380,2379
2380,2480
2380,2280
2381,2382
2381,2380
2381,2481
2381,2281
2382,2383
2382,2381
2382,2482
2382,2282
2383,2384
2383,2382
2383,2483
2383,2283
2384,2385
2384,2383
2384,2484
2384,2284
2385,2386
2385,2384
2385,2485
2385,2285
2386,2387
2386,2385
2386,2486
2386,2286
2387,2388
2387,2386
2387,2487
2387,2287
2388,2389
2388,2387
2388,2488
2388,2288
2389,2390
2389,2388
2389,2489
2389,2289
2390,2391
2390,2389
2390,2490
2390,2290
2391,2392
2391,2390
2391,2491
2391,2291
2392,2393
2392,2391
2392,2492
2392,2292
2393,2394
2393,2392
2393,2493
2393,2293
2394,2395
2394,2393
2394,2494
2394,2294
2395,2396
2395,2394
2395,2495
2395,2295
2396,2397
2396,2395
2396,2496
2396,2296
2397,2398
2397,2396
2397,2497
2397,2297
2398,2399
2398,2397
2398,2498
2398,2298
2399,2400
2399,2398
2399,2499
2399,2299
2400,2399
2400,2500
2400,2300
2401,2402
2401,2501
2401,2301
2402,2403
2402,2401
2402,2502
2402,2302
2403,2404
2403,2402
2403,2503
2403,2303
2404,2405
2404,2403
2404,2504
2404,2304
2405,2406
2405,2404
2405,2505
2405,2305
2406,2407
2406,2405
2406,2506
2406,2306
2407,2408
2407,2406
2407,2507
2407,2307
2408,2409
2408,2407
2408,2508
2408,2308
2409,2410
2409,2408
2409,2509
2409,2309
2410,2411
2410,2409
2410,2510
2410,2310
2411,2412
2411,2410
2411,2511
2411,2311
2412,2413
2412,2411
2412,2512
2412,2312
2413,2414
2413,2412
2413,2513
2413,2313
2414,2415
2414,2413
2414,2514
2414,2314
2415,2416
2415,2414
2415,2515
2415,2315
2416,2417
2416,2415
2416,2516
2416,2316
2417,2418
2417,2416
2417,2517
2417,2317
2418,2419
2418,2417
2418,2518
2418,2318
2419,2420
2419,2418
2419,2519
2419,2319
2420,2421
2420,2419
2420,2520
2420,2320
2421,2422
2421,2420
2421,2521
2421,2321
2422,2423
2422,2421
2422,2522
2422,2322
2423,2424
2423,2422
2423,2523
2423,2323
2424,2425
2424,2423
2424,2524
2424,2324
2425,2426
2425,2424
2425,2525
2425,2325
2426,2427
2426,2425
2426,2526
2426,2326
2427,2428
2427,2426
2427,2527
2427,2327
2428,2429
2428,2427
2428,2528
2428,2328
2429,2430
2429,2428
2429,2529
2429,2329
2430,2431
2430,2429
2430,2530
2430,2330
2431,2432
2431,2430
2431,2531
2431,2331
2432,2433
2432,2431
2432,2532
2432,2332
2433,2434
2433,2432
2433,2533
2433,2333
2434,2435
2434,2433
2434,2534
2434,2334
2435,2436
2435,2434
2435,2535
2435,2335
2436,2437
2436,2435
2436,2536
2436,2336
2437,2438
2437,2436
2437,2537
2437,2337
2438,2439
2438,2437
2438,2538
2438,2338
2439,2440
2439,2438
2439,2539
2439,2339
2440,2441
2440,2439
2440,2540
2440,2340
2441,2442
2441,2440
2441,2541
2441,2341
2442,2443
2442,2441
2442,2542
2442,2342
2443,2444
2443,2442
2443,2543
2443,2343
2444,2445
2444,2443
2444,2544
2444,2344
2445,2446
2445,2444
2445,2545
2445,2345
2446,2447
2446,2445
2446,2546
2446,2346
2447,2448
2447,2446
2447,2547
2447,2347
2448,2449
2448,2447
2448,2548
2448,2348
2449,2450
2449,2448
2449,2549
2449,2349
2450,2451
2450,2449
2450,2550
2450,2350
2451,2452
2451,2450
2451,2551
2451,2351
2452,2453
2452,2451
2452,2552
2452,2352
2453,2454
2453,2452
2453,2553
2453,2353
2454,2455
2454,2453
2454,2554
2454,2354
2455,2456
2455,2454
2455,2555
2455,2355
2456,2457
2456,2455
2456,2556
2456,2356
2457,2458
2457,2456
2457,2557
2457,2357
2458,2459
2458,2457
2458,2558
2458,2358
2459,2460
2459,2458
2459,2559
2459,2359
2460,2461
2460,2459
2460,2560
2460,2360
2461,2462
2461,2460
2461,2561
2461,2361
2462,2463
2462,2461
2462,2562
2462,2362
2463,2464
2463,2462
2463,2563
2463,2363
2464,2465
2464,2463
2464,2564
2464,2364
2465,2466
2465,2464
2465,2565
2465,2365
2466,2467
2466,2465
2466,2566
2466,2366
2467,2468
2467,2466
2467,2567
2467,2367
2468,2469
2468,2467
2468,2568
2468,2368
2469,2470
2469,2468
2469,2569
2469,2369
2470,2471
2470,2469
2470,2570
2470,2370
2471,2472
2471,2470
2471,2571
2471,2371
2472,2473
2472,2471
2472,2572
2472,2372
2473,2474
2473,2472
2473,2573
2473,2373
2474,2475
2474,2473
2474,2574
2474,2374
2475,2476
2475,2474
2475,2575
2475,2375
2476,2477
2476,2475
2476,2576
2476,2376
2477,2478
2477,2476
2477,2577
2477,2377
2478,2479
2478,2477
2478,2578
2478,2378
2479,2480
2479,2478
2479,2579
2479,2379
2480,2481
2480,2479
2480,2580
2480,2380
2481,2482
2481,2480
2481,2581
2481,2381
2482,2483
2482,2481
2482,2582
2482,2382
2483,2484
2483,2482
2483,2583
2483,2383
2484,2485
2484,2483
2484,2584
2484,2384
2485,2486
2485,2484
2485,2585
2485,2385
2486,2487
2486,2485
2486,2586
2486,2386
2487,2488
2487,2486
2487,2587
2487,2387
2488,2489
2488,2487
2488,2588
2488,2388
2489,2490
2489,2488
2489,2589
2489,2389
2490,2491
2490,2489
2490,2590
2490,2390
2491,2492
2491,2490
2491,2591
2491,2391
2492,2493
2492,2491
2492,2592
2492,2392
2493,2494
2493,2492
2493,2593
2493,2393
2494,2495
2494,2493
2494,2594
2494,2394
2495,2496
2495,2494
2495,2595
2495,2395
2496,2497
2496,2495
2496,2596
2496,2396
2497,2498
2497,2496
2497,2597
2497,2397
2498,2499
2498,2497
2498,2598
2498,2398
2499,2500
2499,2498
2499,2599
2499,2399
2500,2499
2500,2600
2500,2400
2501,2502
2501,2601
2501,2401
2502,2503
2502,2501
2502,2602
2502,2402
2503,2504
2503,2502
2503,2603
2503,2403
2504,2505
2504,2503
2504,2604
2504,2404
2505,2506
2505,2504
2505,2605
2505,2405
2506,2507
2506,2505
2506,2606
2506,2406
2507,2508
2507,2506
2507,2607
2507,2407
2508,2509
2508,2507
2508,2608
2508,2408
2509,2510
2509,2508
2509,2609
2509,2409
2510,2511
2510,2509
2510,2610
2510,2410
2511,2512
2511,2510
2511,2611
2511,2411
2512,2513
2512,2511
2512,2612
2512,2412
2513,2514
2513,2512
2513,2613
2513,2413
2514,2515
2514,2513
2514,2614
2514,2414
2515,2516
2515,2514
2515,2615
2515,2415
2516,2517
2516,2515
2516,2616
2516,2416
2517,2518
2517,2516
2517,2617
2517,2417
2518,2519
2518,2517
2518,2618
2518,2418
2519,2520
2519,2518
2519,2619
2519,2419
2520,2521
2520,2519
2520,2620
2520,2420
2521,2522
2521,2520
2521,2621
2521,2421
2522,2523
2522,2521
2522,2622
2522,2422
2523,2524
2523,2522
2523,2623
2523,2423
2524,2525
2524,2523
2524,2624
2524,2424
2525,2526
2525,2524
2525,2625
2525,2425
2526,2527
2526,2525
2526,2626
2526,2426
2527,2528
2527,2526
2527,2627
2527,2427
2528,2529
2528,2527
2528,2628
2528,2428
2529,2530
2529,2528
2529,2629
2529,2429
2530,2531
2530,2529
2530,2630
2530,2430
2531,2532
2531,2530
2531,2631
2531,2431
2532,2533
2532,2531
2532,2632
2532,2432
2533,2534
2533,2532
2533,2633
2533,2433
2534,2535
2534,2533
2534,2634
2534,2434
2535,2536
2535,2534
2535,2635
2535,2435
2536,2537
2536,2535
2536,2636
2536,2436
2537,2538
2537,2536
2537,2637
2537,2437
2538,2539
2538,2537
2538,2638
2538,2438
2539,2540
2539,2538
2539,2639
2539,2439
2540,2541
2540,2539
2540,2640
2540,2440
2541,2542
2541,2540
2541,2641
2541,2441
2542,2543
2542,2541
2542,2642
2542,2442
2543,2544
2543,2542
2543,2643
2543,2443
2544,2545
2544,2543
2544,2644
2544,2444
2545,2546
2545,2544
2545,2645
2545,2445
2546,2547
2546,2545
2546,2646
2546,2446
2547,2548
2547,2546
2547,2647
2547,2447
2548,2549
2548,2547
2548,2648
2548,2448
2549,2550
2549,2548
2549,2649
2549,2449
2550,2551
2550,2549
2550,2650
2550,2450
2551,2552
2551,2550
2551,2651
2551,2451
2552,2553
2552,2551
2552,2652
2552,2452
2553,2554
2553,2552
2553,2653
2553,2453
2554,2555
2554,2553
2554,2654
2554,2454
2555,2556
2555,2554
2555,2655
2555,2455
2556,2557
2556,2555
2556,2656
2556,2456
2557,2558
2557,2556
2557,2657
2557,2457
2558,2559
2558,2557
2558,2658
2558,2458
2559,2560
2559,2558
2559,2659
2559,2459
2560,2561
2560,2559
2560,2660
2560,2460
2561,2562
2561,2560
2561,2661
2561,2461
2562,2563
2562,2561
2562,2662
2562,2462
2563,2564
2563,2562
2563,2663
2563,2463
2564,2565
2564,2563
2564,2664
2564,2464
2565,2566
2565,2564
2565,2665
2565,2465
2566,2567
2566,2565
2566,2666
2566,2466
2567,2568
2567,2566
2567,2667
2567,2467
2568,2569
2568,2567
2568,2668
2568,2468
2569,2570
2569,2568
2569,2669
2569,2469
2570,2571
2570,2569
2570,2670
2570,2470
2571,2572
2571,2570
2571,2671
2571,2471
2572,2573
2572,2571
2572,2672
2572,2472
2573,2574
2573,2572
2573,2673
2573,2473
2574,2575
2574,2573
2574,2674
2574,2474
2575,2576
2575,2574
2575,2675
2575,2475
2576,2577
2576,2575
2576,2676
2576,2476
2577,2578
2577,2576
2577,2677
2577,2477
2578,2579
2578,2577
2578,2678
2578,2478
2579,2580
2579,2578
2579,2679
2579,2479
2580,2581
2580,2579
2580,2680
2580,2480
2581,2582
2581,2580
2581,2681
2581,2481
2582,2583
2582,2581
2582,2682
2582,2482
2583,2584
2583,2582
2583,2683
2583,2483
2584,2585
2584,2583
2584,2684
2584,2484
2585,2586
2585,2584
2585,2685
2585,2485
2586,2587
2586,2585
2586,2686
2586,2486
2587,2588
2587,2586
2587,2687
2587,2487
2588,2589
2588,2587
2588,2688
2588,2488
2589,2590
2589,2588
2589,2689
2589,2489
2590,2591
2590,2589
2590,2690
2590,2490
2591,2592
2591,2590
2591,2691
2591,2491
2592,2593
2592,2591
2592,2692
2592,2492
2593,2594
2593,2592
2593,2693
2593,2493
2594,2595
2594,2593
2594,2694
2594,2494
2595,2596
2595,2594
2595,2695
2595,2495
2596,2597
2596,2595
2596,2696
2596,2496
2597,2598
2597,2596
2597,2697
2597,2497
2598,2599
2598,2597
2598,2698
2598,2498
2599,2600
2599,2598
2599,2699
2599,2499
2600,2599
2600,2700
2600,2500
2601,2602
2601,2701
2601,2501
2602,2603
2602,2601
2602,2702
2602,2502
2603,2604
2603,2602
2603,2703
2603,2503
2604,2605
2604,2603
2604,2704
2604,2504
2605,2606
2605,2604
2605,2705
2605,2505
2606,2607
2606,2605
2606,2706
2606,2506
2607,2608
2607,2606
2607,2707
2607,2507
2608,2609
2608,2607
2608,2708
2608,2508
2609,2610
2609,2608
2609,2709
2609,2509
2610,2611
2610,2609
2610,2710
2610,2510
2611,2612
2611,2610
2611,2711
2611,2511
2612,2613
2612,2611
2612,2712
2612,2512
2613,2614
2613,2612
2613,2713
2613,2513
2614,2615
2614,2613
2614,2714
2614,2514
2615,2616
2615,2614
2615,2715
2615,2515
2616,2617
2616,2615
2616,2716
2616,2516
2617,2618
2617,2616
2617,2717
2617,2517
2618,2619
2618,2617
2618,2718
2618,2518
2619,2620
2619,2618
2619,2719
2619,2519
2620,2621
2620,2619
2620,2720
2620,2520
2621,2622
2621,2620
2621,2721
2621,2521
2622,2623
2622,2621
2622,2722
2622,2522
2623,2624
2623,2622
2623,2723
2623,2523
2624,2625
2624,2623
2624,2724
2624,2524
2625,2626
2625,2624
2625,2725
2625,2525
2626,2627
2626,2625
2626,2726
2626,2526
2627,2628
2627,2626
2627,2727
2627,2527
2628,2629
2628,2627
2628,2728
2628,2528
2629,2630
2629,2628
2629,2729
2629,2529
2630,2631
2630,2629
2630,2730
2630,2530
2631,2632
2631,2630
2631,2731
2631,2531
2632,2633
2632,2631
2632,2732
2632,2532
2633,2634
2633,2632
2633,2733
2633,2533
2634,2635
2634,2633
2634,2734
2634,2534
2635,2636
2635,2634
2635,2735
2635,2535
2636,2637
2636,2635
2636,2736
2636,2536
2637,2638
2637,2636
2637,2737
2637,2537
2638,2639
2638,2637
2638,2738
2638,2538
2639,2640
2639,2638
2639,2739
2639,2539
2640,2641
2640,2639
2640,2740
2640,2540
2641,2642
2641,2640
2641,2741
2641,2541
2642,2643
2642,2641
2642,2742
2642,2542
2643,2644
2643,2642
2643,2743
2643,2543
2644,2645
2644,2643
2644,2744
2644,2544
2645,2646
2645,2644
2645,2745
2645,2545
2646,2647
2646,2645
2646,2746
2646,2546
2647,2648
2647,2646
2647,2747
2647,2547
2648,2649
2648,2647
2648,2748
2648,2548
2649,2650
2649,2648
2649,2749
2649,2549
2650,2651
2650,2649
2650,2750
2650,2550
2651,2652
2651,2650
2651,2751
2651,2551
2652,2653
2652,2651
2652,2752
2652,2552
2653,2654
2653,2652
2653,2753
2653,2553
2654,2655
2654,2653
2654,2754
2654,2554
2655,2656
2655,2654
2655,2755
2655,2555
2656,2657
2656,2655
2656,2756
2656,2556
2657,2658
2657,2656
2657,2757
2657,2557
2658,2659
2658,2657
2658,2758
2658,2558
2659,2660
2659,2658
2659,2759
2659,2559
2660,2661
2660,2659
2660,2760
2660,2560
2661,2662
2661,2660
2661,2761
2661,2561
2662,2663
2662,2661
2662,2762
2662,2562
2663,2664
2663,2662
2663,2763
2663,2563
2664,2665
2664,2663
2664,2764
2664,2564
2665,2666
2665,2664
2665,2765
2665,2565
2666,2667
2666,2665
2666,2766
2666,2566
2667,2668
2667,2666
2667,2767
2667,2567
2668,2669
2668,2667
2668,2768
2668,2568
2669,2670
2669,2668
2669,2769
2669,2569
2670,2671
2670,2669
2670,2770
2670,2570
2671,2672
2671,2670
2671,2771
2671,2571
2672,2673
2672,2671
2672,2772
2672,2572
2673,2674
2673,2672
2673,2773
2673,2573
2674,2675
2674,2673
2674,2774
2674,2574
2675,2676
2675,2674
2675,2775
2675,2575
2676,2677
2676,2675
2676,2776
2676,2576
2677,2678
2677,2676
2677,2777
2677,2577
2678,2679
2678,2677
2678,2778
2678,2578
2679,2680
2679,2678
2679,2779
2679,2579
2680,2681
2680,2679
2680,2780
2680,2580
2681,2682
2681,2680
2681,2781
2681,2581
2682,2683
2682,2681
2682,2782
2682,2582
2683,2684
2683,2682
2683,2783
2683,2583
2684,2685
2684,2683
2684,2784
2684,2584
2685,2686
2685,2684
2685,2785
2685,2585
2686,2687
2686,2685
2686,2786
2686,2586
2687,2688
2687,2686
2687,2787
2687,2587
2688,2689
2688,2687
2688,2788
2688,2588
2689,2690
2689,2688
2689,2789
2689,2589
2690,2691
2690,2689
2690,2790
2690,2590
2691,2692
2691,2690
2691,2791
2691,2591
2692,2693
2692,2691
2692,2792
2692,2592
2693,2694
2693,2692
2693,2793
2693,2593
2694,2695
2694,2693
2694,2794
2694,2594
2695,2696
2695,2694
2695,2795
2695,2595
2696,2697
2696,2695
2696,2796
2696,2596
2697,2698
2697,2696
2697,2797
2697,2597
2698,2699
2698,2697
2698,2798
2698,2598
2699,2700
2699,2698
2699,2799
2699,2599
2700,2699
2700,2800
2700,2600
2701,2702
2701,2801
2701,2601
2702,2703
2702,2701
2702,2802
2702,2602
2703,2704
2703,2702
2703,2803
2703,2603
2704,2705
2704,2703
2704,2804
2704,2604
2705,2706
2705,2704
2705,2805
2705,2605
2706,2707
2706,2705
2706,2806
2706,2606
2707,2708
2707,2706
2707,2807
2707,2607
2708,2709
2708,2707
2708,2808
2708,2608
2709,2710
2709,2708
2709,2809
2709,2609
2710,2711
2710,2709
2710,2810
2710,2610
2711,2712
2711,2710
2711,2811
2711,2611
2712,2713
2712,2711
2712,2812
2712,2612
2713,2714
2713,2712
2713,2813
2713,2613
2714,2715
2714,2713
2714,2814
2714,2614
2715,2716
2715,2714
2715,2815
2715,2615
2716,2717
2716,2715
2716,2816
2716,2616
2717,2718
2717,2716
2717,2817
2717,2617
2718,2719
2718,2717
2718,2818
2718,2618
2719,2720
2719,2718
2719,2819
2719,2619
2720,2721
2720,2719
2720,2820
2720,2620
2721,2722
2721,2720
2721,2821
2721,2621
2722,2723
2722,2721
2722,2822
2722,2622
2723,2724
2723,2722
2723,2823
2723,2623
2724,2725
2724,2723
2724,2824
2724,2624
2725,2726
2725,2724
2725,2825
2725,2625
2726,2727
2726,2725
2726,2826
2726,2626
2727,2728
2727,2726
2727,2827
2727,2627
2728,2729
2728,2727
2728,2828
2728,2628
2729,2730
2729,2728
2729,2829
2729,2629
2730,2731
2730,2729
2730,2830
2730,2630
2731,2732
2731,2730
2731,2831
2731,2631
2732,2733
2732,2731
2732,2832
2732,2632
2733,2734
2733,2732
2733,2833
2733,2633
2734,2735
2734,2733
2734,2834
2734,2634
2735,2736
2735,2734
2735,2835
2735,2635
2736,2737
2736,2735
2736,2836
2736,2636
2737,2738
2737,2736
2737,2837
2737,2637
2738,2739
2738,2737
2738,2838
2738,2638
2739,2740
2739,2738
2739,2839
2739,2639
2740,2741
2740,2739
2740,2840
2740,2640
2741,2742
2741,2740
2741,2841
2741,2641
2742,2743
2742,2741
2742,2842
2742,2642
2743,2744
2743,2742
2743,2843
2743,2643
2744,2745
2744,2743
2744,2844
2744,2644
2745,2746
2745,2744
2745,2845
2745,2645
2746,2747
2746,2745
2746,2846
2746,2646
2747,2748
2747,2746
2747,2847
2747,2647
2748,2749
2748,2747
2748,2848
2748,2648
2749,2750
2749,2748
2749,2849
2749,2649
2750,2751
2750,2749
2750,2850
2750,2650
2751,2752
2751,2750
2751,2851
2751,2651
2752,2753
2752,2751
2752,2852
2752,2652
2753,2754
2753,2752
2753,2853
2753,2653
2754,2755
2754,2753
2754,2854
2754,2654
2755,2756
2755,2754
2755,2855
2755,2655
2756,2757
2756,2755
2756,2856
2756,2656
2757,2758
2757,2756
2757,2857
2757,2657
2758,2759
2758,2757
2758,2858
2758,2658
2759,2760
2759,2758
2759,2859
2759,2659
2760,2761
2760,2759
2760,2860
2760,2660
2761,2762
2761,2760
2761,2861
2761,2661
2762,2763
2762,2761
2762,2862
2762,2662
2763,2764
2763,2762
2763,2863
2763,2663
2764,2765
2764,2763
2764,2864
2764,2664
2765,2766
2765,2764
2765,2865
2765,2665
2766,2767
2766,2765
2766,2866
2766,2666
2767,2768
2767,2766
2767,2867
2767,2667
2768,2769
2768,2767
2768,2868
2768,2668
2769,2770
2769,2768
2769,2869
2769,2669
2770,2771
2770,2769
2770,2870
2770,2670
2771,2772
2771,2770
2771,2871
2771,2671
2772,2773
2772,2771
2772,2872
2772,2672
2773,2774
2773,2772
2773,2873
2773,2673
2774,2775
2774,2773
2774,2874
2774,2674
2775,2776
2775,2774
2775,2875
2775,2675
2776,2777
2776,2775
2776,2876
2776,2676
2777,2778
2777,2776
2777,2877
2777,2677
2778,2779
2778,2777
2778,2878
2778,2678
2779,2780
2779,2778
2779,2879
2779,2679
2780,2781
2780,2779
2780,2880
2780,2680
2781,2782
2781,2780
2781,2881
2781,2681
2782,2783
2782,2781
2782,2882
2782,2682
2783,2784
2783,2782
2783,2883
2783,2683
2784,2785
2784,2783
2784,2884
2784,2684
2785,2786
2785,2784
2785,2885
2785,2685
2786,2787
2786,2785
2786,2886
2786,2686
2787,2788
2787,2786
2787,2887
2787,2687
2788,2789
2788,2787
2788,2888
2788,2688
2789,2790
2789,2788
2789,2889
2789,2689
2790,2791
2790,2789
2790,2890
2790,2690
2791,2792
2791,2790
2791,2891
2791,2691
2792,2793
2792,2791
2792,2892
2792,2692
2793,2794
2793,2792
2793,2893
2793,2693
2794,2795
2794,2793
2794,2894
2794,2694
2795,2796
2795,2794
2795,2895
2795,2695
2796,2797
2796,2795
2796,2896
2796,2696
2797,2798
2797,2796
2797,2897
2797,2697
2798,2799
2798,2797
2798,2898
2798,2698
2799,2800
2799,2798
2799,2899
2799,2699
2800,2799
2800,2900
2800,2700
2801,2802
2801,2901
2801,2701
2802,2803
2802,2801
2802,2902
2802,2702
2803,2804
2803,2802
2803,2903
2803,2703
2804,2805
2804,2803
2804,2904
2804,2704
2805,2806
2805,2804
2805,2905
2805,2705
2806,2807
2806,2805
2806,2906
2806,2706
2807,2808
2807,2806
2807,2907
2807,2707
2808,2809
2808,2807
2808,2908
2808,2708
2809,2810
2809,2808
2809,2909
2809,2709
2810,2811
2810,2809
2810,2910
2810,2710
2811,2812
2811,2810
2811,2911
2811,2711
2812,2813
2812,2811
2812,2912
2812,2712
2813,2814
2813,2812
2813,2913
2813,2713
2814,2815
2814,2813
2814,2914
2814,2714
2815,2816
2815,2814
2815,2915
2815,2715
2816,2817
2816,2815
2816,2916
2816,2716
2817,2818
2817,2816
2817,2917
2817,2717
2818,2819
2818,2817
2818,2918
2818,2718
2819,2820
2819,2818
2819,2919
2819,2719
2820,2821
2820,2819
2820,2920
2820,2720
2821,2822
2821,2820
2821,2921
2821,2721
2822,2823
2822,2821
2822,2922
2822,2722
2823,2824
2823,2822
2823,2923
2823,2723
2824,2825
2824,2823
2824,2924
2824,2724
2825,2826
2825,2824
2825,2925
2825,2725
2826,2827
2826,2825
2826,2926
2826,2726
2827,2828
2827,2826
2827,2927
2827,2727
2828,2829
2828,2827
2828,2928
2828,2728
2829,2830
2829,2828
2829,2929
2829,2729
2830,2831
2830,2829
2830,2930
2830,2730
2831,2832
2831,2830
2831,2931
2831,2731
2832,2833
2832,2831
2832,2932
2832,2732
2833,2834
2833,2832
2833,2933
2833,2733
2834,2835
2834,2833
2834,2934
2834,2734
2835,2836
2835,2834
2835,2935
2835,2735
2836,2837
2836,2835
2836,2936
2836,2736
2837,2838
2837,2836
2837,2937
2837,2737
2838,2839
2838,2837
2838,2938
2838,2738
2839,2840
2839,2838
2839,2939
2839,2739
2840,2841
2840,2839
2840,2940
2840,2740
2841,2842
2841,2840
2841,2941
2841,2741
2842,2843
2842,2841
2842,2942
2842,2742
2843,2844
2843,2842
2843,2943
2843,2743
2844,2845
2844,2843
2844,2944
2844,2744
2845,2846
2845,2844
2845,2945
2845,2745
2846,2847
2846,2845
2846,2946
2846,2746
2847,2848
2847,2846
2847,2947
2847,2747
2848,2849
2848,2847
2848,2948
2848,2748
2849,2850
2849,2848
2849,2949
2849,2749
2850,2851
2850,2849
2850,2950
2850,2750
2851,2852
2851,2850
2851,2951
2851,2751
2852,2853
2852,2851
2852,2952
2852,2752
2853,2854
2853,2852
2853,2953
2853,2753
2854,2855
2854,2853
2854,2954
2854,2754
2855,2856
2855,2854
2855,2955
2855,2755
2856,2857
2856,2855
2856,2956
2856,2756
2857,2858
2857,2856
2857,2957
2857,2757
2858,2859
2858,2857
2858,2958
2858,2758
2859,2860
2859,2858
2859,2959
2859,2759
2860,2861
2860,2859
2860,2960
2860,2760
2861,2862
2861,2860
2861,2961
2861,2761
2862,2863
2862,2861
2862,2962
2862,2762
2863,2864
2863,2862
2863,2963
2863,2763
2864,2865
2864,2863
2864,2964
2864,2764
2865,2866
2865,2864
2865,2965
2865,2765
2866,2867
2866,2865
2866,2966
2866,2766
2867,2868
2867,2866
2867,2967
2867,2767
2868,2869
2868,2867
2868,2968
2868,2768
2869,2870
2869,2868
2869,2969
2869,2769
2870,2871
2870,2869
2870,2970
2870,2770
2871,2872
2871,2870
2871,2971
2871,2771
2872,2873
2872,2871
2872,2972
2872,2772
2873,2874
2873,2872
2873,2973
2873,2773
2874,2875
2874,2873
2874,2974
2874,2774
2875,2876
2875,2874
2875,2975
2875,2775
2876,2877
2876,2875
2876,2976
2876,2776
2877,2878
2877,2876
2877,2977
2877,2777
2878,2879
2878,2877
2878,2978
2878,2778
2879,2880
2879,2878
2879,2979
2879,2779
2880,2881
2880,2879
2880,2980
2880,2780
2881,2882
2881,2880
2881,2981
2881,2781
2882,2883
2882,2881
2882,2982
2882,2782
2883,2884
2883,2882
2883,2983
2883,2783
2884,2885
2884,2883
2884,2984
2884,2784
2885,2886
2885,2884
2885,2985
2885,2785
2886,2887
2886,2885
2886,2986
2886,2786
2887,2888
2887,2886
2887,2987
2887,2787
2888,2889
2888,2887
2888,2988
2888,2788
2889,2890
2889,2888
2889,2989
2889,2789
2890,2891
2890,2889
2890,2990
2890,2790
2891,2892
2891,2890
2891,2991
2891,2791
2892,2893
2892,2891
2892,2992
2892,2792
2893,2894
2893,2892
2893,2993
2893,2793
2894,2895
2894,2893
2894,2994
2894,2794
2895,2896
2895,2894
2895,2995
2895,2795
2896,2897
2896,2895
2896,2996
2896,2796
2897,2898
2897,2896
2897,2997
2897,2797
2898,2899
2898,2897
2898,2998
2898,2798
2899,2900
2899,2898
2899,2999
2899,2799
2900,2899
2900,3000
2900,2800
2901,2902
2901,3001
2901,2801
2902,2903
2902,2901
2902,3002
2902,2802
2903,2904
2903,2902
2903,3003
2903,2803
2904,2905
2904,2903
2904,3004
2904,2804
2905,2906
2905,2904
2905,3005
2905,2805
2906,2907
2906,2905
2906,3006
2906,2806
2907,2908
2907,2906
2907,3007
2907,2807
2908,2909
2908,2907
2908,3008
2908,2808
2909,2910
2909,2908
2909,3009
2909,2809
2910,2911
2910,2909
2910,3010
2910,2810
2911,2912
2911,2910
2911,3011
2911,2811
2912,2913
2912,2911
2912,3012
2912,2812
2913,2914
2913,2912
2913,3013
2913,2813
2914,2915
2914,2913
2914,3014
2914,2814
2915,2916
2915,2914
2915,3015
2915,2815
2916,2917
2916,2915
2916,3016
2916,2816
2917,2918
2917,2916
2917,3017
2917,2817
2918,2919
2918,2917
2918,3018
2918,2818
2919,2920
2919,2918
2919,3019
2919,2819
2920,2921
2920,2919
2920,3020
2920,2820
2921,2922
2921,2920
2921,3021
2921,2821
2922,2923
2922,2921
2922,3022
2922,2822
2923,2924
2923,2922
2923,3023
2923,2823
2924,2925
2924,2923
2924,3024
2924,2824
2925,2926
2925,2924
2925,3025
2925,2825
2926,2927
2926,2925
2926,3026
2926,2826
2927,2928
2927,2926
2927,3027
2927,2827
2928,2929
2928,2927
2928,3028
2928,2828
2929,2930
2929,2928
2929,3029
2929,2829
2930,2931
2930,2929
2930,3030
2930,2830
2931,2932
2931,2930
2931,3031
2931,2831
2932,2933
2932,2931
2932,3032
2932,2832
2933,2934
2933,2932
2933,3033
2933,2833
2934,2935
2934,2933
2934,3034
2934,2834
2935,2936
2935,2934
2935,3035
2935,2835
2936,2937
2936,2935
2936,3036
2936,2836
2937,2938
2937,2936
2937,3037
2937,2837
2938,2939
2938,2937
2938,3038
2938,2838
2939,2940
2939,2938
2939,3039
2939,2839
2940,2941
2940,2939
2940,3040
2940,2840
2941,2942
2941,2940
2941,3041
2941,2841
2942,2943
2942,2941
2942,3042
2942,2842
2943,2944
2943,2942
2943,3043
2943,2843
2944,2945
2944,2943
2944,3044
2944,2844
2945,2946
2945,2944
2945,3045
2945,2845
2946,2947
2946,2945
2946,3046
2946,2846
2947,2948
2947,2946
2947,3047
2947,2847
2948,2949
2948,2947
2948,3048
2948,2848
2949,2950
2949,2948
2949,3049
2949,2849
2950,2951
2950,2949
2950,3050
2950,2850
2951,2952
2951,2950
2951,3051
2951,2851
2952,2953
2952,2951
2952,3052
2952,2852
2953,2954
2953,2952
2953,3053
2953,2853
2954,2955
2954,2953
2954,3054
2954,2854
2955,2956
2955,2954
2955,3055
2955,2855
2956,2957
2956,2955
2956,3056
2956,2856
2957,2958
2957,2956
2957,3057
2957,2857
2958,2959
2958,2957
2958,3058
2958,2858
2959,2960
2959,2958
2959,3059
2959,2859
2960,2961
2960,2959
2960,3060
2960,2860
2961,2962
2961,2960
2961,3061
2961,2861
2962,2963
2962,2961
2962,3062
2962,2862
2963,2964
2963,2962
2963,3063
2963,2863
2964,2965
2964,2963
2964,3064
2964,2864
2965,2966
2965,2964
2965,3065
2965,2865
2966,2967
2966,2965
2966,3066
2966,2866
2967,2968
2967,2966
2967,3067
2967,2867
2968,2969
2968,2967
2968,3068
2968,2868
2969,2970
2969,2968
2969,3069
2969,2869
2970,2971
2970,2969
2970,3070
2970,2870
2971,2972
2971,2970
2971,3071
2971,2871
2972,2973
2972,2971
2972,3072
2972,2872
2973,2974
2973,2972
2973,3073
2973,2873
2974,2975
2974,2973
2974,3074
2974,2874
2975,2976
2975,2974
2975,3075
2975,2875
2976,2977
2976,2975
2976,3076
2976,2876
2977,2978
2977,2976
2977,3077
2977,2877
2978,2979
2978,2977
2978,3078
2978,2878
2979,2980
2979,2978
2979,3079
2979,2879
2980,2981
2980,2979
2980,3080
2980,2880
2981,2982
2981,2980
2981,3081
2981,2881
2982,2983
2982,2981
2982,3082
2982,2882
2983,2984
2983,2982
2983,3083
2983,2883
2984,2985
2984,2983
2984,3084
2984,2884
2985,2986
2985,2984
2985,3085
2985,2885
2986,2987
2986,2985
2986,3086
2986,2886
2987,2988
2987,2986
2987,3087
2987,2887
2988,2989
2988,2987
2988,3088
2988,2888
2989,2990
2989,2988
2989,3089
2989,2889
2990,2991
2990,2989
2990,3090
2990,2890
2991,2992
2991,2990
2991,3091
2991,2891
2992,2993
2992,2991
2992,3092
2992,2892
2993,2994
2993,2992
2993,3093
2993,2893
2994,2995
2994,2993
2994,3094
2994,2894
2995,2996
2995,2994
2995,3095
2995,2895
2996,2997
2996,2995
2996,3096
2996,2896
2997,2998
2997,2996
2997,3097
2997,2897
2998,2999
2998,2997
2998,3098
2998,2898
2999,3000
2999,2998
2999,3099
2999,2899
3000,2999
3000,3100
3000,2900
3001,3002
3001,3101
3001,2901
3002,3003
3002,3001
3002,3102
3002,2902
3003,3004
3003,3002
3003,3103
3003,2903
3004,3005
3004,3003
3004,3104
3004,2904
3005,3006
3005,3004
3005,3105
3005,2905
3006,3007
3006,3005
3006,3106
3006,2906
3007,3008
3007,3006
3007,3107
3007,2907
3008,3009
3008,3007
3008,3108
3008,2908
3009,3010
3009,3008
3009,3109
3009,2909
3010,3011
3010,3009
3010,3110
3010,2910
3011,3012
3011,3010
3011,3111
3011,2911
3012,3013
3012,3011
3012,3112
3012,2912
3013,3014
3013,3012
3013,3113
3013,2913
3014,3015
3014,3013
3014,3114
3014,2914
3015,3016
3015,3014
3015,3115
3015,2915
3016,3017
3016,3015
3016,3116
3016,2916
3017,3018
3017,3016
3017,3117
3017,2917
3018,3019
3018,3017
3018,3118
3018,2918
3019,3020
3019,3018
3019,3119
3019,2919
3020,3021
3020,3019
3020,3120
3020,2920
3021,3022
3021,3020
3021,3121
3021,2921
3022,3023
3022,3021
3022,3122
3022,2922
3023,3024
3023,3022
3023,3123
3023,2923
3024,3025
3024,3023
3024,3124
3024,2924
3025,3026
3025,3024
3025,3125
3025,2925
3026,3027
3026,3025
3026,3126
3026,2926
3027,3028
3027,3026
3027,3127
3027,2927
3028,3029
3028,3027
3028,3128
3028,2928
3029,3030
3029,3028
3029,3129
3029,2929
3030,3031
3030,3029
3030,3130
3030,2930
3031,3032
3031,3030
3031,3131
3031,2931
3032,3033
3032,3031
3032,3132
3032,2932
3033,3034
3033,3032
3033,3133
3033,2933
3034,3035
3034,3033
3034,3134
3034,2934
3035,3036
3035,3034
3035,3135
3035,2935
3036,3037
3036,3035
3036,3136
3036,2936
3037,3038
3037,3036
3037,3137
3037,2937
3038,3039
3038,3037
3038,3138
3038,2938
3039,3040
3039,3038
3039,3139
3039,2939
3040,3041
3040,3039
3040,3140
3040,2940
3041,3042
3041,3040
3041,3141
3041,2941
3042,3043
3042,3041
3042,3142
3042,2942
3043,3044
3043,3042
3043,3143
3043,2943
3044,3045
3044,3043
3044,3144
3044,2944
3045,3046
3045,3044
3045,3145
3045,2945
3046,3047
3046,3045
3046,3146
3046,2946
3047,3048
3047,3046
3047,3147
3047,2947
3048,3049
3048,3047
3048,3148
3048,2948
3049,3050
3049,3048
3049,3149
3049,2949
3050,3051
3050,3049
3050,3150
3050,2950
3051,3052
3051,3050
3051,3151
3051,2951
3052,3053
3052,3051
3052,3152
3052,2952
3053,3054
3053,3052
3053,3153
3053,2953
3054,3055
3054,3053
3054,3154
3054,2954
3055,3056
3055,3054
3055,3155
3055,2955
3056,3057
3056,3055
3056,3156
3056,2956
3057,3058
3057,3056
3057,3157
3057,2957
3058,3059
3058,3057
3058,3158
3058,2958
3059,3060
3059,3058
3059,3159
3059,2959
3060,3061
3060,3059
3060,3160
3060,2960
3061,3062
3061,3060
3061,3161
3061,2961
3062,3063
3062,3061
3062,3162
3062,2962
3063,3064
3063,3062
3063,3163
3063,2963
3064,3065
3064,3063
3064,3164
3064,2964
3065,3066
3065,3064
3065,3165
3065,2965
3066,3067
3066,3065
3066,3166
3066,2966
3067,3068
3067,3066
3067,3167
3067,2967
3068,3069
3068,3067
3068,3168
3068,2968
3069,3070
3069,3068
3069,3169
3069,2969
3070,3071
3070,3069
3070,3170
3070,2970
3071,3072
3071,3070
3071,3171
3071,2971
3072,3073
3072,3071
3072,3172
3072,2972
3073,3074
3073,3072
3073,3173
3073,2973
3074,3075
3074,3073
3074,3174
3074,2974
3075,3076
3075,3074
3075,3175
3075,2975
3076,3077
3076,3075
3076,3176
3076,2976
3077,3078
3077,3076
3077,3177
3077,2977
3078,3079
3078,3077
3078,3178
3078,2978
3079,3080
3079,3078
3079,3179
3079,2979
3080,3081
3080,3079
3080,3180
3080,2980
3081,3082
3081,3080
3081,3181
3081,2981
3082,3083
3082,3081
3082,3182
3082,2982
3083,3084
3083,3082
3083,3183
3083,2983
3084,3085
3084,3083
3084,3184
3084,2984
3085,3086
3085,3084
3085,3185
3085,2985
3086,3087
3086,3085
3086,3186
3086,2986
3087,3088
3087,3086
3087,3187
3087,2987
3088,3089
3088,3087
3088,3188
3088,2988
3089,3090
3089,3088
3089,3189
3089,2989
3090,3091
3090,3089
3090,3190
3090,2990
3091,3092
3091,3090
3091,3191
3091,2991
3092,3093
3092,3091
3092,3192
3092,2992
3093,3094
3093,3092
3093,3193
3093,2993
3094,3095
3094,3093
3094,3194
3094,2994
3095,3096
3095,3094
3095,3195
3095,2995
3096,3097
3096,3095
3096,3196
3096,2996
3097,3098
3097,3096
3097,3197
3097,2997
3098,3099
3098,3097
3098,3198
3098,2998
3099,3100
3099,3098
3099,3199
3099,2999
3100,3099
3100,3200
3100,3000
3101,3102
3101,3201
3101,3001
3102,3103
3102,3101
3102,3202
3102,3002
3103,3104
3103,3102
3103,3203
3103,3003
3104,3105
3104,3103
3104,3204
3104,3004
3105,3106
3105,3104
3105,3205
3105,3005
3106,3107
3106,3105
3106,3206
3106,3006
3107,3108
3107,3106
3107,3207
3107,3007
3108,3109
3108,3107
3108,3208
3108,3008
3109,3110
3109,3108
3109,3209
3109,3009
3110,3111
3110,3109
3110,3210
3110,3010
3111,3112
3111,3110
3111,3211
3111,3011
3112,3113
3112,3111
3112,3212
3112,3012
3113,3114
3113,3112
3113,3213
3113,3013
3114,3115
3114,3113
3114,3214
3114,3014
3115,3116
3115,3114
3115,3215
3115,3015
3116,3117
3116,3115
3116,3216
3116,3016
3117,3118
3117,3116
3117,3217
3117,3017
3118,3119
3118,3117
3118,3218
3118,3018
3119,3120
3119,3118
3119,3219
3119,3019
3120,3121
3120,3119
3120,3220
3120,3020
3121,3122
3121,3120
3121,3221
3121,3021
3122,3123
3122,3121
3122,3222
3122,3022
3123,3124
3123,3122
3123,3223
3123,3023
3124,3125
3124,3123
3124,3224
3124,3024
3125,3126
3125,3124
3125,3225
3125,3025
3126,3127
3126,3125
3126,3226
3126,3026
3127,3128
3127,3126
3127,3227
3127,3027
3128,3129
3128,3127
3128,3228
3128,3028
3129,3130
3129,3128
3129,3229
3129,3029
3130,3131
3130,3129
3130,3230
3130,3030
3131,3132
3131,3130
3131,3231
3131,3031
3132,3133
3132,3131
3132,3232
3132,3032
3133,3134
3133,3132
3133,3233
3133,3033
3134,3135
3134,3133
3134,3234
3134,3034
3135,3136
3135,3134
3135,3235
3135,3035
3136,3137
3136,3135
3136,3236
3136,3036
3137,3138
3137,3136
3137,3237
3137,3037
3138,3139
3138,3137
3138,3238
3138,3038
3139,3140
3139,3138
3139,3239
3139,3039
3140,3141
3140,3139
3140,3240
3140,3040
3141,3142
3141,3140
3141,3241
3141,3041
3142,3143
3142,3141
3142,3242
3142,3042
3143,3144
3143,3142
3143,3243
3143,3043
3144,3145
3144,3143
3144,3244
3144,3044
3145,3146
3145,3144
3145,3245
3145,3045
3146,3147
3146,3145
3146,3246
3146,3046
3147,3148
3147,3146
3147,3247
3147,3047
3148,3149
3148,3147
3148,3248
3148,3048
3149,3150
3149,3148
3149,3249
3149,3049
3150,3151
3150,3149
3150,3250
3150,3050
3151,3152
3151,3150
3151,3251
3151,3051
3152,3153
3152,3151
3152,3252
3152,3052
3153,3154
3153,3152
3153,3253
3153,3053
3154,3155
3154,3153
3154,3254
3154,3054
3155,3156
3155,3154
3155,3255
3155,3055
3156,3157
3156,3155
3156,3256
3156,3056
3157,3158
3157,3156
3157,3257
3157,3057
3158,3159
3158,3157
3158,3258
3158,3058
3159,3160
3159,3158
3159,3259
3159,3059
3160,3161
3160,3159
3160,3260
3160,3060
3161,3162
3161,3160
3161,3261
3161,3061
3162,3163
3162,3161
3162,3262
3162,3062
3163,3164
3163,3162
3163,3263
3163,3063
3164,3165
3164,3163
3164,3264
3164,3064
3165,3166
3165,3164
3165,3265
3165,3065
3166,3167
3166,3165
3166,3266
3166,3066
3167,3168
3167,3166
3167,3267
3167,3067
3168,3169
3168,3167
3168,3268
3168,3068
3169,3170
3169,3168
3169,3269
3169,3069
3170,3171
3170,3169
3170,3270
3170,3070
3171,3172
3171,3170
3171,3271
3171,3071
3172,3173
3172,3171
3172,3272
3172,3072
3173,3174
3173,3172
3173,3273
3173,3073
3174,3175
3174,3173
3174,3274
3174,3074
3175,3176
3175,3174
3175,3275
3175,3075
3176,3177
3176,3175
3176,3276
3176,3076
3177,3178
3177,3176
3177,3277
3177,3077
3178,3179
3178,3177
3178,3278
3178,3078
3179,3180
3179,3178
3179,3279
3179,3079
3180,3181
3180,3179
3180,3280
3180,3080
3181,3182
3181,3180
3181,3281
3181,3081
3182,3183
3182,3181
3182,3282
3182,3082
3183,3184
3183,3182
3183,3283
3183,3083
3184,3185
3184,3183
3184,3284
3184,3084
3185,3186
3185,3184
3185,3285
3185,3085
3186,3187
3186,3185
3186,3286
3186,3086
3187,3188
3187,3186
3187,3287
3187,3087
3188,3189
3188,3187
3188,3288
3188,3088
3189,3190
3189,3188
3189,3289
3189,3089
3190,3191
3190,3189
3190,3290
3190,3090
3191,3192
3191,3190
3191,3291
3191,3091
3192,3193
3192,3191
3192,3292
3192,3092
3193,3194
3193,3192
3193,3293
3193,3093
3194,3195
3194,3193
3194,3294
3194,3094
3195,3196
3195,3194
3195,3295
3195,3095
3196,3197
3196,3195
3196,3296
3196,3096
3197,3198
3197,3196
3197,3297
3197,3097
3198,3199
3198,3197
3198,3298
3198,3098
3199,3200
3199,3198
3199,3299
3199,3099
3200,3199
3200,3300
3200,3100
3201,3202
3201,3301
3201,3101
3202,3203
3202,3201
3202,3302
3202,3102
3203,3204
3203,3202
3203,3303
3203,3103
3204,3205
3204,3203
3204,3304
3204,3104
3205,3206
3205,3204
3205,3305
3205,3105
3206,3207
3206,3205
3206,3306
3206,3106
3207,3208
3207,3206
3207,3307
3207,3107
3208,3209
3208,3207
3208,3308
3208,3108
3209,3210
3209,3208
3209,3309
3209,3109
3210,3211
3210,3209
3210,3310
3210,3110
3211,3212
3211,3210
3211,3311
3211,3111
3212,3213
3212,3211
3212,3312
3212,3112
3213,3214
3213,3212
3213,3313
3213,3113
3214,3215
3214,3213
3214,3314
3214,3114
3215,3216
3215,3214
3215,3315
3215,3115
3216,3217
3216,3215
3216,3316
3216,3116
3217,3218
3217,3216
3217,3317
3217,3117
3218,3219
3218,3217
3218,3318
3218,3118
3219,3220
3219,3218
3219,3319
3219,3119
3220,3221
3220,3219
3220,3320
3220,3120
3221,3222
3221,3220
3221,3321
3221,3121
3222,3223
3222,3221
3222,3322
3222,3122
3223,3224
3223,3222
3223,3323
3223,3123
3224,3225
3224,3223
3224,3324
3224,3124
3225,3226
3225,3224
3225,3325
3225,3125
3226,3227
3226,3225
3226,3326
3226,3126
3227,3228
3227,3226
3227,3327
3227,3127
3228,3229
3228,3227
3228,3328
3228,3128
3229,3230
3229,3228
3229,3329
3229,3129
3230,3231
3230,3229
3230,3330
3230,3130
3231,3232
3231,3230
3231,3331
3231,3131
3232,3233
3232,3231
3232,3332
3232,3132
3233,3234
3233,3232
3233,3333
3233,3133
3234,3235
3234,3233
3234,3334
3234,3134
3235,3236
3235,3234
3235,3335
3235,3135
3236,3237
3236,3235
3236,3336
3236,3136
3237,3238
3237,3236
3237,3337
3237,3137
3238,3239
3238,3237
3238,3338
3238,3138
3239,3240
3239,3238
3239,3339
3239,3139
3240,3241
3240,3239
3240,3340
3240,3140
3241,3242
3241,3240
3241,3341
3241,3141
3242,3243
3242,3241
3242,3342
3242,3142
3243,3244
3243,3242
3243,3343
3243,3143
3244,3245
3244,3243
3244,3344
3244,3144
3245,3246
3245,3244
3245,3345
3245,3145
3246,3247
3246,3245
3246,3346
3246,3146
3247,3248
3247,3246
3247,3347
3247,3147
3248,3249
3248,3247
3248,3348
3248,3148
3249,3250
3249,3248
3249,3349
3249,3149
3250,3251
3250,3249
3250,3350
3250,3150
3251,3252
3251,3250
3251,3351
3251,3151
3252,3253
3252,3251
3252,3352
3252,3152
3253,3254
3253,3252
3253,3353
3253,3153
3254,3255
3254,3253
3254,3354
3254,3154
3255,3256
3255,3254
3255,3355
3255,3155
3256,3257
3256,3255
3256,3356
3256,3156
3257,3258
3257,3256
3257,3357
3257,3157
3258,3259
3258,3257
3258,3358
3258,3158
3259,3260
3259,3258
3259,3359
3259,3159
3260,3261
3260,3259
3260,3360
3260,3160
3261,3262
3261,3260
3261,3361
3261,3161
3262,3263
3262,3261
3262,3362
3262,3162
3263,3264
3263,3262
3263,3363
3263,3163
3264,3265
3264,3263
3264,3364
3264,3164
3265,3266
3265,3264
3265,3365
3265,3165
3266,3267
3266,3265
3266,3366
3266,3166
3267,3268
3267,3266
3267,3367
3267,3167
3268,3269
3268,3267
3268,3368
3268,3168
3269,3270
3269,3268
3269,3369
3269,3169
3270,3271
3270,3269
3270,3370
3270,3170
3271,3272
3271,3270
3271,3371
3271,3171
3272,3273
3272,3271
3272,3372
3272,3172
3273,3274
3273,3272
3273,3373
3273,3173
3274,3275
3274,3273
3274,3374
3274,3174
3275,3276
3275,3274
3275,3375
3275,3175
3276,3277
3276,3275
3276,3376
3276,3176
3277,3278
3277,3276
3277,3377
3277,3177
3278,3279
3278,3277
3278,3378
3278,3178
3279,3280
3279,3278
3279,3379
3279,3179
3280,3281
3280,3279
3280,3380
3280,3180
3281,3282
3281,3280
3281,3381
3281,3181
3282,3283
3282,3281
3282,3382
3282,3182
3283,3284
3283,3282
3283,3383
3283,3183
3284,3285
3284,3283
3284,3384
3284,3184
3285,3286
3285,3284
3285,3385
3285,3185
3286,3287
3286,3285
3286,3386
3286,3186
3287,3288
3287,3286
3287,3387
3287,3187
3288,3289
3288,3287
3288,3388
3288,3188
3289,3290
3289,3288
3289,3389
3289,3189
3290,3291
3290,3289
3290,3390
3290,3190
3291,3292
3291,3290
3291,3391
3291,3191
3292,3293
3292,3291
3292,3392
3292,3192
3293,3294
3293,3292
3293,3393
3293,3193
3294,3295
3294,3293
3294,3394
3294,3194
3295,3296
3295,3294
3295,3395
3295,3195
3296,3297
3296,3295
3296,3396
3296,3196
3297,3298
3297,3296
3297,3397
3297,3197
3298,3299
3298,3297
3298,3398
3298,3198
3299,3300
3299,3298
3299,3399
3299,3199
3300,3299
3300,3400
3300,3200
3301,3302
3301,3401
3301,3201
3302,3303
3302,3301
3302,3402
3302,3202
3303,3304
3303,3302
3303,3403
3303,3203
3304,3305
3304,3303
3304,3404
3304,3204
3305,3306
3305,3304
3305,3405
3305,3205
3306,3307
3306,3305
3306,3406
3306,3206
3307,3308
3307,3306
3307,3407
3307,3207
3308,3309
3308,3307
3308,3408
3308,3208
3309,3310
3309,3308
3309,3409
3309,3209
3310,3311
3310,3309
3310,3410
3310,3210
3311,3312
3311,3310
3311,3411
3311,3211
3312,3313
3312,3311
3312,3412
3312,3212
3313,3314
3313,3312
3313,3413
3313,3213
3314,3315
3314,3313
3314,3414
3314,3214
3315,3316
3315,3314
3315,3415
3315,3215
3316,3317
3316,3315
3316,3416
3316,3216
3317,3318
3317,3316
3317,3417
3317,3217
3318,3319
3318,3317
3318,3418
3318,3218
3319,3320
3319,3318
3319,3419
3319,3219
3320,3321
3320,3319
3320,3420
3320,3220
3321,3322
3321,3320
3321,3421
3321,3221
3322,3323
3322,3321
3322,3422
3322,3222
3323,3324
3323,3322
3323,3423
3323,3223
3324,3325
3324,3323
3324,3424
3324,3224
3325,3326
3325,3324
3325,3425
3325,3225
3326,3327
3326,3325
3326,3426
3326,3226
3327,3328
3327,3326
3327,3427
3327,3227
3328,3329
3328,3327
3328,3428
3328,3228
3329,3330
3329,3328
3329,3429
3329,3229
3330,3331
3330,3329
3330,3430
3330,3230
3331,3332
3331,3330
3331,3431
3331,3231
3332,3333
3332,3331
3332,3432
3332,3232
3333,3334
3333,3332
3333,3433
3333,3233
3334,3335
3334,3333
3334,3434
3334,3234
3335,3336
3335,3334
3335,3435
3335,3235
3336,3337
3336,3335
3336,3436
3336,3236
3337,3338
3337,3336
3337,3437
3337,3237
3338,3339
3338,3337
3338,3438
3338,3238
3339,3340
3339,3338
3339,3439
3339,3239
3340,3341
3340,3339
3340,3440
3340,3240
3341,3342
3341,3340
3341,3441
3341,3241
3342,3343
3342,3341
3342,3442
3342,3242
3343,3344
3343,3342
3343,3443
3343,3243
3344,3345
3344,3343
3344,3444
3344,3244
3345,3346
3345,3344
3345,3445
3345,3245
3346,3347
3346,3345
3346,3446
3346,3246
3347,3348
3347,3346
3347,3447
3347,3247
3348,3349
3348,3347
3348,3448
3348,3248
3349,3350
3349,3348
3349,3449
3349,3249
3350,3351
3350,3349
3350,3450
3350,3250
3351,3352
3351,3350
3351,3451
3351,3251
3352,3353
3352,3351
3352,3452
3352,3252
3353,3354
3353,3352
3353,3453
3353,3253
3354,3355
3354,3353
3354,3454
3354,3254
3355,3356
3355,3354
3355,3455
3355,3255
3356,3357
3356,3355
3356,3456
3356,3256
3357,3358
3357,3356
3357,3457
3357,3257
3358,3359
3358,3357
3358,3458
3358,3258
3359,3360
3359,3358
3359,3459
3359,3259
3360,3361
3360,3359
3360,3460
3360,3260
3361,3362
3361,3360
3361,3461
3361,3261
3362,3363
3362,3361
3362,3462
3362,3262
3363,3364
3363,3362
3363,3463
3363,3263
3364,3365
3364,3363
3364,3464
3364,3264
3365,3366
3365,3364
3365,3465
3365,3265
3366,3367
3366,3365
3366,3466
3366,3266
3367,3368
3367,3366
3367,3467
3367,3267
3368,3369
3368,3367
3368,3468
3368,3268
3369,3370
3369,3368
3369,3469
3369,3269
3370,3371
3370,3369
3370,3470
3370,3270
3371,3372
3371,3370
3371,3471
3371,3271
3372,3373
3372,3371
3372,3472
3372,3272
3373,3374
3373,3372
3373,3473
3373,3273
3374,3375
3374,3373
3374,3474
3374,3274
3375,3376
3375,3374
3375,3475
3375,3275
3376,3377
3376,3375
3376,3476
3376,3276
3377,3378
3377,3376
3377,3477
3377,3277
3378,3379
3378,3377
3378,3478
3378,3278
3379,3380
3379,3378
3379,3479
3379,3279
3380,3381
3380,3379
3380,3480
3380,3280
3381,3382
3381,3380
3381,3481
3381,3281
3382,3383
3382,3381
3382,3482
3382,3282
3383,3384
3383,3382
3383,3483
3383,3283
3384,3385
3384,3383
3384,3484
3384,3284
3385,3386
3385,3384
3385,3485
3385,3285
3386,3387
3386,3385
3386,3486
3386,3286
3387,3388
3387,3386
3387,3487
3387,3287
3388,3389
3388,3387
3388,3488
3388,3288
3389,3390
3389,3388
3389,3489
3389,3289
3390,3391
3390,3389
3390,3490
3390,3290
3391,3392
3391,3390
3391,3491
3391,3291
3392,3393
3392,3391
3392,3492
3392,3292
3393,3394
3393,3392
3393,3493
3393,3293
3394,3395
3394,3393
3394,3494
3394,3294
3395,3396
3395,3394
3395,3495
3395,3295
3396,3397
3396,3395
3396,3496
3396,3296
3397,3398
3397,3396
3397,3497
3397,3297
3398,3399
3398,3397
3398,3498
3398,3298
3399,3400
3399,3398
3399,3499
3399,3299
3400,3399
3400,3500
3400,3300
3401,3402
3401,3501
3401,3301
3402,3403
3402,3401
3402,3502
3402,3302
3403,3404
3403,3402
3403,3503
3403,3303
3404,3405
3404,3403
3404,3504
3404,3304
3405,3406
3405,3404
3405,3505
3405,3305
3406,3407
3406,3405
3406,3506
3406,3306
3407,3408
3407,3406
3407,3507
3407,3307
3408,3409
3408,3407
3408,3508
3408,3308
3409,3410
3409,3408
3409,3509
3409,3309
3410,3411
3410,3409
3410,3510
3410,3310
3411,3412
3411,3410
3411,3511
3411,3311
3412,3413
3412,3411
3412,3512
3412,3312
3413,3414
3413,3412
3413,3513
3413,3313
3414,3415
3414,3413
3414,3514
3414,3314
3415,3416
3415,3414
3415,3515
3415,3315
3416,3417
3416,3415
3416,3516
3416,3316
3417,3418
3417,3416
3417,3517
3417,3317
3418,3419
3418,3417
3418,3518
3418,3318
3419,3420
3419,3418
3419,3519
3419,3319
3420,3421
3420,3419
3420,3520
3420,3320
3421,3422
3421,3420
3421,3521
3421,3321
3422,3423
3422,3421
3422,3522
3422,3322
3423,3424
3423,3422
3423,3523
3423,3323
3424,3425
3424,3423
3424,3524
3424,3324
3425,3426
3425,3424
3425,3525
3425,3325
3426,3427
3426,3425
3426,3526
3426,3326
3427,3428
3427,3426
3427,3527
3427,3327
3428,3429
3428,3427
3428,3528
3428,3328
3429,3430
3429,3428
3429,3529
3429,3329
3430,3431
3430,3429
3430,3530
3430,3330
3431,3432
3431,3430
3431,3531
3431,3331
3432,3433
3432,3431
3432,3532
3432,3332
3433,3434
3433,3432
3433,3533
3433,3333
3434,3435
3434,3433
3434,3534
3434,3334
3435,3436
3435,3434
3435,3535
3435,3335
3436,3437
3436,3435
3436,3536
3436,3336
3437,3438
3437,3436
3437,3537
3437,3337
3438,3439
3438,3437
3438,3538
3438,3338
3439,3440
3439,3438
3439,3539
3439,3339
3440,3441
3440,3439
3440,3540
3440,3340
3441,3442
3441,3440
3441,3541
3441,3341
3442,3443
3442,3441
3442,3542
3442,3342
3443,3444
3443,3442
3443,3543
3443,3343
3444,3445
3444,3443
3444,3544
3444,3344
3445,3446
3445,3444
3445,3545
3445,3345
3446,3447
3446,3445
3446,3546
3446,3346
3447,3448
3447,3446
3447,3547
3447,3347
3448,3449
3448,3447
3448,3548
3448,3348
3449,3450
3449,3448
3449,3549
3449,3349
3450,3451
3450,3449
3450,3550
3450,3350
3451,3452
3451,3450
3451,3551
3451,3351
3452,3453
3452,3451
3452,3552
3452,3352
3453,3454
3453,3452
3453,3553
3453,3353
3454,3455
3454,3453
3454,3554
3454,3354
3455,3456
3455,3454
3455,3555
3455,3355
3456,3457
3456,3455
3456,3556
3456,3356
3457,3458
3457,3456
3457,3557
3457,3357
3458,3459
3458,3457
3458,3558
3458,3358
3459,3460
3459,3458
3459,3559
3459,3359
3460,3461
3460,3459
3460,3560
3460,3360
3461,3462
3461,3460
3461,3561
3461,3361
3462,3463
3462,3461
3462,3562
3462,3362
3463,3464
3463,3462
3463,3563
3463,3363
3464,3465
3464,3463
3464,3564
3464,3364
3465,3466
3465,3464
3465,3565
3465,3365
3466,3467
3466,3465
3466,3566
3466,3366
3467,3468
3467,3466
3467,3567
3467,3367
3468,3469
3468,3467
3468,3568
3468,3368
3469,3470
3469,3468
3469,3569
3469,3369
3470,3471
3470,3469
3470,3570
3470,3370
3471,3472
3471,3470
3471,3571
3471,3371
3472,3473
3472,3471
3472,3572
3472,3372
3473,3474
3473,3472
3473,3573
3473,3373
3474,3475
3474,3473
3474,3574
3474,3374
3475,3476
3475,3474
3475,3575
3475,3375
3476,3477
3476,3475
3476,3576
3476,3376
3477,3478
3477,3476
3477,3577
3477,3377
3478,3479
3478,3477
3478,3578
3478,3378
3479,3480
3479,3478
3479,3579
3479,3379
3480,3481
3480,3479
3480,3580
3480,3380
3481,3482
3481,3480
3481,3581
3481,3381
3482,3483
3482,3481
3482,3582
3482,3382
3483,3484
3483,3482
3483,3583
3483,3383
3484,3485
3484,3483
3484,3584
3484,3384
3485,3486
3485,3484
3485,3585
3485,3385
3486,3487
3486,3485
3486,3586
3486,3386
3487,3488
3487,3486
3487,3587
3487,3387
3488,3489
3488,3487
3488,3588
3488,3388
3489,3490
3489,3488
3489,3589
3489,3389
3490,3491
3490,3489
3490,3590
3490,3390
3491,3492
3491,3490
3491,3591
3491,3391
3492,3493
3492,3491
3492,3592
3492,3392
3493,3494
3493,3492
3493,3593
3493,3393
3494,3495
3494,3493
3494,3594
3494,3394
3495,3496
3495,3494
3495,3595
3495,3395
3496,3497
3496,3495
3496,3596
3496,3396
3497,3498
3497,3496
3497,3597
3497,3397
3498,3499
3498,3497
3498,3598
3498,3398
3499,3500
3499,3498
3499,3599
3499,3399
3500,3499
3500,3600
3500,3400
3501,3502
3501,3601
3501,3401
3502,3503
3502,3501
3502,3602
3502,3402
3503,3504
3503,3502
3503,3603
3503,3403
3504,3505
3504,3503
3504,3604
3504,3404
3505,3506
3505,3504
3505,3605
3505,3405
3506,3507
3506,3505
3506,3606
3506,3406
3507,3508
3507,3506
3507,3607
3507,3407
3508,3509
3508,3507
3508,3608
3508,3408
3509,3510
3509,3508
3509,3609
3509,3409
3510,3511
3510,3509
3510,3610
3510,3410
3511,3512
3511,3510
3511,3611
3511,3411
3512,3513
3512,3511
3512,3612
3512,3412
3513,3514
3513,3512
3513,3613
3513,3413
3514,3515
3514,3513
3514,3614
3514,3414
3515,3516
3515,3514
3515,3615
3515,3415
3516,3517
3516,3515
3516,3616
3516,3416
3517,3518
3517,3516
3517,3617
3517,3417
3518,3519
3518,3517
3518,3618
3518,3418
3519,3520
3519,3518
3519,3619
3519,3419
3520,3521
3520,3519
3520,3620
3520,3420
3521,3522
3521,3520
3521,3621
3521,3421
3522,3523
3522,3521
3522,3622
3522,3422
3523,3524
3523,3522
3523,3623
3523,3423
3524,3525
3524,3523
3524,3624
3524,3424
3525,3526
3525,3524
3525,3625
3525,3425
3526,3527
3526,3525
3526,3626
3526,3426
3527,3528
3527,3526
3527,3627
3527,3427
3528,3529
3528,3527
3528,3628
3528,3428
3529,3530
3529,3528
3529,3629
3529,3429
3530,3531
3530,3529
3530,3630
3530,3430
3531,3532
3531,3530
3531,3631
3531,3431
3532,3533
3532,3531
3532,3632
3532,3432
3533,3534
3533,3532
3533,3633
3533,3433
3534,3535
3534,3533
3534,3634
3534,3434
3535,3536
3535,3534
3535,3635
3535,3435
3536,3537
3536,3535
3536,3636
3536,3436
3537,3538
3537,3536
3537,3637
3537,3437
3538,3539
3538,3537
3538,3638
3538,3438
3539,3540
3539,3538
3539,3639
3539,3439
3540,3541
3540,3539
3540,3640
3540,3440
3541,3542
3541,3540
3541,3641
3541,3441
3542,3543
3542,3541
3542,3642
3542,3442
3543,3544
3543,3542
3543,3643
3543,3443
3544,3545
3544,3543
3544,3644
3544,3444
3545,3546
3545,3544
3545,3645
3545,3445
3546,3547
3546,3545
3546,3646
3546,3446
3547,3548
3547,3546
3547,3647
3547,3447
3548,3549
3548,3547
3548,3648
3548,3448
3549,3550
3549,3548
3549,3649
3549,3449
3550,3551
3550,3549
3550,3650
3550,3450
3551,3552
3551,3550
3551,3651
3551,3451
3552,3553
3552,3551
3552,3652
3552,3452
3553,3554
3553,3552
3553,3653
3553,3453
3554,3555
3554,3553
3554,3654
3554,3454
3555,3556
3555,3554
3555,3655
3555,3455
3556,3557
3556,3555
3556,3656
3556,3456
3557,3558
3557,3556
3557,3657
3557,3457
3558,3559
3558,3557
3558,3658
3558,3458
3559,3560
3559,3558
3559,3659
3559,3459
3560,3561
3560,3559
3560,3660
3560,3460
3561,3562
3561,3560
3561,3661
3561,3461
3562,3563
3562,3561
3562,3662
3562,3462
3563,3564
3563,3562
3563,3663
3563,3463
3564,3565
3564,3563
3564,3664
3564,3464
3565,3566
3565,3564
3565,3665
3565,3465
3566,3567
3566,3565
3566,3666
3566,3466
3567,3568
3567,3566
3567,3667
3567,3467
3568,3569
3568,3567
3568,3668
3568,3468
3569,3570
3569,3568
3569,3669
3569,3469
3570,3571
3570,3569
3570,3670
3570,3470
3571,3572
3571,3570
3571,3671
3571,3471
3572,3573
3572,3571
3572,3672
3572,3472
3573,3574
3573,3572
3573,3673
3573,3473
3574,3575
3574,3573
3574,3674
3574,3474
3575,3576
3575,3574
3575,3675
3575,3475
3576,3577
3576,3575
3576,3676
3576,3476
3577,3578
3577,3576
3577,3677
3577,3477
3578,3579
3578,3577
3578,3678
3578,3478
3579,3580
3579,3578
3579,3679
3579,3479
3580,3581
3580,3579
3580,3680
3580,3480
3581,3582
3581,3580
3581,3681
3581,3481
3582,3583
3582,3581
3582,3682
3582,3482
3583,3584
3583,3582
3583,3683
3583,3483
3584,3585
3584,3583
3584,3684
3584,3484
3585,3586
3585,3584
3585,3685
3585,3485
3586,3587
3586,3585
3586,3686
3586,3486
3587,3588
3587,3586
3587,3687
3587,3487
3588,3589
3588,3587
3588,3688
3588,3488
3589,3590
3589,3588
3589,3689
3589,3489
3590,3591
3590,3589
3590,3690
3590,3490
3591,3592
3591,3590
3591,3691
3591,3491
3592,3593
3592,3591
3592,3692
3592,3492
3593,3594
3593,3592
3593,3693
3593,3493
3594,3595
3594,3593
3594,3694
3594,3494
3595,3596
3595,3594
3595,3695
3595,3495
3596,3597
3596,3595
3596,3696
3596,3496
3597,3598
3597,3596
3597,3697
3597,3497
3598,3599
3598,3597
3598,3698
3598,3498
3599,3600
3599,3598
3599,3699
3599,3499
3600,3599
3600,3700
3600,3500
3601,3602
3601,3701
3601,3501
3602,3603
3602,3601
3602,3702
3602,3502
3603,3604
3603,3602
3603,3703
3603,3503
3604,3605
3604,3603
3604,3704
3604,3504
3605,3606
3605,3604
3605,3705
3605,3505
3606,3607
3606,3605
3606,3706
3606,3506
3607,3608
3607,3606
3607,3707
3607,3507
3608,3609
3608,3607
3608,3708
3608,3508
3609,3610
3609,3608
3609,3709
3609,3509
3610,3611
3610,3609
3610,3710
3610,3510
3611,3612
3611,3610
3611,3711
3611,3511
3612,3613
3612,3611
3612,3712
3612,3512
3613,3614
3613,3612
3613,3713
3613,3513
3614,3615
3614,3613
3614,3714
3614,3514
3615,3616
3615,3614
3615,3715
3615,3515
3616,3617
3616,3615
3616,3716
3616,3516
3617,3618
3617,3616
3617,3717
3617,3517
3618,3619
3618,3617
3618,3718
3618,3518
3619,3620
3619,3618
3619,3719
3619,3519
3620,3621
3620,3619
3620,3720
3620,3520
3621,3622
3621,3620
3621,3721
3621,3521
3622,3623
3622,3621
3622,3722
3622,3522
3623,3624
3623,3622
3623,3723
3623,3523
3624,3625
3624,3623
3624,3724
3624,3524
3625,3626
3625,3624
3625,3725
3625,3525
3626,3627
3626,3625
3626,3726
3626,3526
3627,3628
3627,3626
3627,3727
3627,3527
3628,3629
3628,3627
3628,3728
3628,3528
3629,3630
3629,3628
3629,3729
3629,3529
3630,3631
3630,3629
3630,3730
3630,3530
3631,3632
3631,3630
3631,3731
3631,3531
3632,3633
3632,3631
3632,3732
3632,3532
3633,3634
3633,3632
3633,3733
3633,3533
3634,3635
3634,3633
3634,3734
3634,3534
3635,3636
3635,3634
3635,3735
3635,3535
3636,3637
3636,3635
3636,3736
3636,3536
3637,3638
3637,3636
3637,3737
3637,3537
3638,3639
3638,3637
3638,3738
3638,3538
3639,3640
3639,3638
3639,3739
3639,3539
3640,3641
3640,3639
3640,3740
3640,3540
3641,3642
3641,3640
3641,3741
3641,3541
3642,3643
3642,3641
3642,3742
3642,3542
3643,3644
3643,3642
3643,3743
3643,3543
3644,3645
3644,3643
3644,3744
3644,3544
3645,3646
3645,3644
3645,3745
3645,3545
3646,3647
3646,3645
3646,3746
3646,3546
3647,3648
3647,3646
3647,3747
3647,3547
3648,3649
3648,3647
3648,3748
3648,3548
3649,3650
3649,3648
3649,3749
3649,3549
3650,3651
3650,3649
3650,3750
3650,3550
3651,3652
3651,3650
3651,3751
3651,3551
3652,3653
3652,3651
3652,3752
3652,3552
3653,3654
3653,3652
3653,3753
3653,3553
3654,3655
3654,3653
3654,3754
3654,3554
3655,3656
3655,3654
3655,3755
3655,3555
3656,3657
3656,3655
3656,3756
3656,3556
3657,3658
3657,3656
3657,3757
3657,3557
3658,3659
3658,3657
3658,3758
3658,3558
3659,3660
3659,3658
3659,3759
3659,3559
3660,3661
3660,3659
3660,3760
3660,3560
3661,3662
3661,3660
3661,3761
3661,3561
3662,3663
3662,3661
3662,3762
3662,3562
3663,3664
3663,3662
3663,3763
3663,3563
3664,3665
3664,3663
3664,3764
3664,3564
3665,3666
3665,3664
3665,3765
3665,3565
3666,3667
3666,3665
3666,3766
3666,3566
3667,3668
3667,3666
3667,3767
3667,3567
3668,3669
3668,3667
3668,3768
3668,3568
3669,3670
3669,3668
3669,3769
3669,3569
3670,3671
3670,3669
3670,3770
3670,3570
3671,3672
3671,3670
3671,3771
3671,3571
3672,3673
3672,3671
3672,3772
3672,3572
3673,3674
3673,3672
3673,3773
3673,3573
3674,3675
3674,3673
3674,3774
3674,3574
3675,3676
3675,3674
3675,3775
3675,3575
3676,3677
3676,3675
3676,3776
3676,3576
3677,3678
3677,3676
3677,3777
3677,3577
3678,3679
3678,3677
3678,3778
3678,3578
3679,3680
3679,3678
3679,3779
3679,3579
3680,3681
3680,3679
3680,3780
3680,3580
3681,3682
3681,3680
3681,3781
3681,3581
3682,3683
3682,3681
3682,3782
3682,3582
3683,3684
3683,3682
3683,3783
3683,3583
3684,3685
3684,3683
3684,3784
3684,3584
3685,3686
3685,3684
3685,3785
3685,3585
3686,3687
3686,3685
3686,3786
3686,3586
3687,3688
3687,3686
3687,3787
3687,3587
3688,3689
3688,3687
3688,3788
3688,3588
3689,3690
3689,3688
3689,3789
3689,3589
3690,3691
3690,3689
3690,3790
3690,3590
3691,3692
3691,3690
3691,3791
3691,3591
3692,3693
3692,3691
3692,3792
3692,3592
3693,3694
3693,3692
3693,3793
3693,3593
3694,3695
3694,3693
3694,3794
3694,3594
3695,3696
3695,3694
3695,3795
3695,3595
3696,3697
3696,3695
3696,3796
3696,3596
3697,3698
3697,3696
3697,3797
3697,3597
3698,3699
3698,3697
3698,3798
3698,3598
3699,3700
3699,3698
3699,3799
3699,3599
3700,3699
3700,3800
3700,3600
3701,3702
3701,3801
3701,3601
3702,3703
3702,3701
3702,3802
3702,3602
3703,3704
3703,3702
3703,3803
3703,3603
3704,3705
3704,3703
3704,3804
3704,3604
3705,3706
3705,3704
3705,3805
3705,3605
3706,3707
3706,3705
3706,3806
3706,3606
3707,3708
3707,3706
3707,3807
3707,3607
3708,3709
3708,3707
3708,3808
3708,3608
3709,3710
3709,3708
3709,3809
3709,3609
3710,3711
3710,3709
3710,3810
3710,3610
3711,3712
3711,3710
3711,3811
3711,3611
3712,3713
3712,3711
3712,3812
3712,3612
3713,3714
3713,3712
3713,3813
3713,3613
3714,3715
3714,3713
3714,3814
3714,3614
3715,3716
3715,3714
3715,3815
3715,3615
3716,3717
3716,3715
3716,3816
3716,3616
3717,3718
3717,3716
3717,3817
3717,3617
3718,3719
3718,3717
3718,3818
3718,3618
3719,3720
3719,3718
3719,3819
3719,3619
3720,3721
3720,3719
3720,3820
3720,3620
3721,3722
3721,3720
3721,3821
3721,3621
3722,3723
3722,3721
3722,3822
3722,3622
3723,3724
3723,3722
3723,3823
3723,3623
3724,3725
3724,3723
3724,3824
3724,3624
3725,3726
3725,3724
3725,3825
3725,3625
3726,3727
3726,3725
3726,3826
3726,3626
3727,3728
3727,3726
3727,3827
3727,3627
3728,3729
3728,3727
3728,3828
3728,3628
3729,3730
3729,3728
3729,3829
3729,3629
3730,3731
3730,3729
3730,3830
3730,3630
3731,3732
3731,3730
3731,3831
3731,3631
3732,3733
3732,3731
3732,3832
3732,3632
3733,3734
3733,3732
3733,3833
3733,3633
3734,3735
3734,3733
3734,3834
3734,3634
3735,3736
3735,3734
3735,3835
3735,3635
3736,3737
3736,3735
3736,3836
3736,3636
3737,3738
3737,3736
3737,3837
3737,3637
3738,3739
3738,3737
3738,3838
3738,3638
3739,3740
3739,3738
3739,3839
3739,3639
3740,3741
3740,3739
3740,3840
3740,3640
3741,3742
3741,3740
3741,3841
3741,3641
3742,3743
3742,3741
3742,3842
3742,3642
3743,3744
3743,3742
3743,3843
3743,3643
3744,3745
3744,3743
3744,3844
3744,3644
3745,3746
3745,3744
3745,3845
3745,3645
3746,3747
3746,3745
3746,3846
3746,3646
3747,3748
3747,3746
3747,3847
3747,3647
3748,3749
3748,3747
3748,3848
3748,3648
3749,3750
3749,3748
3749,3849
3749,3649
3750,3751
3750,3749
3750,3850
3750,3650
3751,3752
3751,3750
3751,3851
3751,3651
3752,3753
3752,3751
3752,3852
3752,3652
3753,3754
3753,3752
3753,3853
3753,3653
3754,3755
3754,3753
3754,3854
3754,3654
3755,3756
3755,3754
3755,3855
3755,3655
3756,3757
3756,3755
3756,3856
3756,3656
3757,3758
3757,3756
3757,3857
3757,3657
3758,3759
3758,3757
3758,3858
3758,3658
3759,3760
3759,3758
3759,3859
3759,3659
3760,3761
3760,3759
3760,3860
3760,3660
3761,3762
3761,3760
3761,3861
3761,3661
3762,3763
3762,3761
3762,3862
3762,3662
3763,3764
3763,3762
3763,3863
3763,3663
3764,3765
3764,3763
3764,3864
3764,3664
3765,3766
3765,3764
3765,3865
3765,3665
3766,3767
3766,3765
3766,3866
3766,3666
3767,3768
3767,3766
3767,3867
3767,3667
3768,3769
3768,3767
3768,3868
3768,3668
3769,3770
3769,3768
3769,3869
3769,3669
3770,3771
3770,3769
3770,3870
3770,3670
3771,3772
3771,3770
3771,3871
3771,3671
3772,3773
3772,3771
3772,3872
3772,3672
3773,3774
3773,3772
3773,3873
3773,3673
3774,3775
3774,3773
3774,3874
3774,3674
3775,3776
3775,3774
3775,3875
3775,3675
3776,3777
3776,3775
3776,3876
3776,3676
3777,3778
3777,3776
3777,3877
3777,3677
3778,3779
3778,3777
3778,3878
3778,3678
3779,3780
3779,3778
3779,3879
3779,3679
3780,3781
3780,3779
3780,3880
3780,3680
3781,3782
3781,3780
3781,3881
3781,3681
3782,3783
3782,3781
3782,3882
3782,3682
3783,3784
3783,3782
3783,3883
3783,3683
3784,3785
3784,3783
3784,3884
3784,3684
3785,3786
3785,3784
3785,3885
3785,3685
3786,3787
3786,3785
3786,3886
3786,3686
3787,3788
3787,3786
3787,3887
3787,3687
3788,3789
3788,3787
3788,3888
3788,3688
3789,3790
3789,3788
3789,3889
3789,3689
3790,3791
3790,3789
3790,3890
3790,3690
3791,3792
3791,3790
3791,3891
3791,3691
3792,3793
3792,3791
3792,3892
3792,3692
3793,3794
3793,3792
3793,3893
3793,3693
3794,3795
3794,3793
3794,3894
3794,3694
3795,3796
3795,3794
3795,3895
3795,3695
3796,3797
3796,3795
3796,3896
3796,3696
3797,3798
3797,3796
3797,3897
3797,3697
3798,3799
3798,3797
3798,3898
3798,3698
3799,3800
3799,3798
3799,3899
3799,3699
3800,3799
3800,3900
3800,3700
3801,3802
3801,3901
3801,3701
3802,3803
3802,3801
3802,3902
3802,3702
3803,3804
3803,3802
3803,3903
3803,3703
3804,3805
3804,3803
3804,3904
3804,3704
3805,3806
3805,3804
3805,3905
3805,3705
3806,3807
3806,3805
3806,3906
3806,3706
3807,3808
3807,3806
3807,3907
3807,3707
3808,3809
3808,3807
3808,3908
3808,3708
3809,3810
3809,3808
3809,3909
3809,3709
3810,3811
3810,3809
3810,3910
3810,3710
3811,3812
3811,3810
3811,3911
3811,3711
3812,3813
3812,3811
3812,3912
3812,3712
3813,3814
3813,3812
3813,3913
3813,3713
3814,3815
3814,3813
3814,3914
3814,3714
3815,3816
3815,3814
3815,3915
3815,3715
3816,3817
3816,3815
3816,3916
3816,3716
3817,3818
3817,3816
3817,3917
3817,3717
3818,3819
3818,3817
3818,3918
3818,3718
3819,3820
3819,3818
3819,3919
3819,3719
3820,3821
3820,3819
3820,3920
3820,3720
3821,3822
3821,3820
3821,3921
3821,3721
3822,3823
3822,3821
3822,3922
3822,3722
3823,3824
3823,3822
3823,3923
3823,3723
3824,3825
3824,3823
3824,3924
3824,3724
3825,3826
3825,3824
3825,3925
3825,3725
3826,3827
3826,3825
3826,3926
3826,3726
3827,3828
3827,3826
3827,3927
3827,3727
3828,3829
3828,3827
3828,3928
3828,3728
3829,3830
3829,3828
3829,3929
3829,3729
3830,3831
3830,3829
3830,3930
3830,3730
3831,3832
3831,3830
3831,3931
3831,3731
3832,3833
3832,3831
3832,3932
3832,3732
3833,3834
3833,3832
3833,3933
3833,3733
3834,3835
3834,3833
3834,3934
3834,3734
3835,3836
3835,3834
3835,3935
3835,3735
3836,3837
3836,3835
3836,3936
3836,3736
3837,3838
3837,3836
3837,3937
3837,3737
3838,3839
3838,3837
3838,3938
3838,3738
3839,3840
3839,3838
3839,3939
3839,3739
3840,3841
3840,3839
3840,3940
3840,3740
3841,3842
3841,3840
3841,3941
3841,3741
3842,3843
3842,3841
3842,3942
3842,3742
3843,3844
3843,3842
3843,3943
3843,3743
3844,3845
3844,3843
3844,3944
3844,3744
3845,3846
3845,3844
3845,3945
3845,3745
3846,3847
3846,3845
3846,3946
3846,3746
3847,3848
3847,3846
3847,3947
3847,3747
3848,3849
3848,3847
3848,3948
3848,3748
3849,3850
3849,3848
3849,3949
3849,3749
3850,3851
3850,3849
3850,3950
3850,3750
3851,3852
3851,3850
3851,3951
3851,3751
3852,3853
3852,3851
3852,3952
3852,3752
3853,3854
3853,3852
3853,3953
3853,3753
3854,3855
3854,3853
3854,3954
3854,3754
3855,3856
3855,3854
3855,3955
3855,3755
3856,3857
3856,3855
3856,3956
3856,3756
3857,3858
3857,3856
3857,3957
3857,3757
3858,3859
3858,3857
3858,3958
3858,3758
3859,3860
3859,3858
3859,3959
3859,3759
3860,3861
3860,3859
3860,3960
3860,3760
3861,3862
3861,3860
3861,3961
3861,3761
3862,3863
3862,3861
3862,3962
3862,3762
3863,3864
3863,3862
3863,3963
3863,3763
3864,3865
3864,3863
3864,3964
3864,3764
3865,3866
3865,3864
3865,3965
3865,3765
3866,3867
3866,3865
3866,3966
3866,3766
3867,3868
3867,3866
3867,3967
3867,3767
3868,3869
3868,3867
3868,3968
3868,3768
3869,3870
3869,3868
3869,3969
3869,3769
3870,3871
3870,3869
3870,3970
3870,3770
3871,3872
3871,3870
3871,3971
3871,3771
3872,3873
3872,3871
3872,3972
3872,3772
3873,3874
3873,3872
3873,3973
3873,3773
3874,3875
3874,3873
3874,3974
3874,3774
3875,3876
3875,3874
3875,3975
3875,3775
3876,3877
3876,3875
3876,3976
3876,3776
3877,3878
3877,3876
3877,3977
3877,3777
3878,3879
3878,3877
3878,3978
3878,3778
3879,3880
3879,3878
3879,3979
3879,3779
3880,3881
3880,3879
3880,3980
3880,3780
3881,3882
3881,3880
3881,3981
3881,3781
3882,3883
3882,3881
3882,3982
3882,3782
3883,3884
3883,3882
3883,3983
3883,3783
3884,3885
3884,3883
3884,3984
3884,3784
3885,3886
3885,3884
3885,3985
3885,3785
3886,3887
3886,3885
3886,3986
3886,3786
3887,3888
3887,3886
3887,3987
3887,3787
3888,3889
3888,3887
3888,3988
3888,3788
3889,3890
3889,3888
3889,3989
3889,3789
3890,3891
3890,3889
3890,3990
3890,3790
3891,3892
3891,3890
3891,3991
3891,3791
3892,3893
3892,3891
3892,3992
3892,3792
3893,3894
3893,3892
3893,3993
3893,3793
3894,3895
3894,3893
3894,3994
3894,3794
3895,3896
3895,3894
3895,3995
3895,3795
3896,3897
3896,3895
3896,3996
3896,3796
3897,3898
3897,3896
3897,3997
3897,3797
3898,3899
3898,3897
3898,3998
3898,3798
3899,3900
3899,3898
3899,3999
3899,3799
3900,3899
3900,4000
3900,3800
3901,3902
3901,4001
3901,3801
3902,3903
3902,3901
3902,4002
3902,3802
3903,3904
3903,3902
3903,4003
3903,3803
3904,3905
3904,3903
3904,4004
3904,3804
3905,3906
3905,3904
3905,4005
3905,3805
3906,3907
3906,3905
3906,4006
3906,3806
3907,3908
3907,3906
3907,4007
3907,3807
3908,3909
3908,3907
3908,4008
3908,3808
3909,3910
3909,3908
3909,4009
3909,3809
3910,3911
3910,3909
3910,4010
3910,3810
3911,3912
3911,3910
3911,4011
3911,3811
3912,3913
3912,3911
3912,4012
3912,3812
3913,3914
3913,3912
3913,4013
3913,3813
3914,3915
3914,3913
3914,4014
3914,3814
3915,3916
3915,3914
3915,4015
3915,3815
3916,3917
3916,3915
3916,4016
3916,3816
3917,3918
3917,3916
3917,4017
3917,3817
3918,3919
3918,3917
3918,4018
3918,3818
3919,3920
3919,3918
3919,4019
3919,3819
3920,3921
3920,3919
3920,4020
3920,3820
3921,3922
3921,3920
3921,4021
3921,3821
3922,3923
3922,3921
3922,4022
3922,3822
3923,3924
3923,3922
3923,4023
3923,3823
3924,3925
3924,3923
3924,4024
3924,3824
3925,3926
3925,3924
3925,4025
3925,3825
3926,3927
3926,3925
3926,4026
3926,3826
3927,3928
3927,3926
3927,4027
3927,3827
3928,3929
3928,3927
3928,4028
3928,3828
3929,3930
3929,3928
3929,4029
3929,3829
3930,3931
3930,3929
3930,4030
3930,3830
3931,3932
3931,3930
3931,4031
3931,3831
3932,3933
3932,3931
3932,4032
3932,3832
3933,3934
3933,3932
3933,4033
3933,3833
3934,3935
3934,3933
3934,4034
3934,3834
3935,3936
3935,3934
3935,4035
3935,3835
3936,3937
3936,3935
3936,4036
3936,3836
3937,3938
3937,3936
3937,4037
3937,3837
3938,3939
3938,3937
3938,4038
3938,3838
3939,3940
3939,3938
3939,4039
3939,3839
3940,3941
3940,3939
3940,4040
3940,3840
3941,3942
3941,3940
3941,4041
3941,3841
3942,3943
3942,3941
3942,4042
3942,3842
3943,3944
3943,3942
3943,4043
3943,3843
3944,3945
3944,3943
3944,4044
3944,3844
3945,3946
3945,3944
3945,4045
3945,3845
3946,3947
3946,3945
3946,4046
3946,3846
3947,3948
3947,3946
3947,4047
3947,3847
3948,3949
3948,3947
3948,4048
3948,3848
3949,3950
3949,3948
3949,4049
3949,3849
3950,3951
3950,3949
3950,4050
3950,3850
3951,3952
3951,3950
3951,4051
3951,3851
3952,3953
3952,3951
3952,4052
3952,3852
3953,3954
3953,3952
3953,4053
3953,3853
3954,3955
3954,3953
3954,4054
3954,3854
3955,3956
3955,3954
3955,4055
3955,3855
3956,3957
3956,3955
3956,4056
3956,3856
3957,3958
3957,3956
3957,4057
3957,3857
3958,3959
3958,3957
3958,4058
3958,3858
3959,3960
3959,3958
3959,4059
3959,3859
3960,3961
3960,3959
3960,4060
3960,3860
3961,3962
3961,3960
3961,4061
3961,3861
3962,3963
3962,3961
3962,4062
3962,3862
3963,3964
3963,3962
3963,4063
3963,3863
3964,3965
3964,3963
3964,4064
3964,3864
3965,3966
3965,3964
3965,4065
3965,3865
3966,3967
3966,3965
3966,4066
3966,3866
3967,3968
3967,3966
3967,4067
3967,3867
3968,3969
3968,3967
3968,4068
3968,3868
3969,3970
3969,3968
3969,4069
3969,3869
3970,3971
3970,3969
3970,4070
3970,3870
3971,3972
3971,3970
3971,4071
3971,3871
3972,3973
3972,3971
3972,4072
3972,3872
3973,3974
3973,3972
3973,4073
3973,3873
3974,3975
3974,3973
3974,4074
3974,3874
3975,3976
3975,3974
3975,4075
3975,3875
3976,3977
3976,3975
3976,4076
3976,3876
3977,3978
3977,3976
3977,4077
3977,3877
3978,3979
3978,3977
3978,4078
3978,3878
3979,3980
3979,3978
3979,4079
3979,3879
3980,3981
3980,3979
3980,4080
3980,3880
3981,3982
3981,3980
3981,4081
3981,3881
3982,3983
3982,3981
3982,4082
3982,3882
3983,3984
3983,3982
3983,4083
3983,3883
3984,3985
3984,3983
3984,4084
3984,3884
3985,3986
3985,3984
3985,4085
3985,3885
3986,3987
3986,3985
3986,4086
3986,3886
3987,3988
3987,3986
3987,4087
3987,3887
3988,3989
3988,3987
3988,4088
3988,3888
3989,3990
3989,3988
3989,4089
3989,3889
3990,3991
3990,3989
3990,4090
3990,3890
3991,3992
3991,3990
3991,4091
3991,3891
3992,3993
3992,3991
3992,4092
3992,3892
3993,3994
3993,3992
3993,4093
3993,3893
3994,3995
3994,3993
3994,4094
3994,3894
3995,3996
3995,3994
3995,4095
3995,3895
3996,3997
3996,3995
3996,4096
3996,3896
3997,3998
3997,3996
3997,4097
3997,3897
3998,3999
3998,3997
3998,4098
3998,3898
3999,4000
3999,3998
3999,4099
3999,3899
4000,3999
4000,4100
4000,3900
4001,4002
4001,4101
4001,3901
4002,4003
4002,4001
4002,4102
4002,3902
4003,4004
4003,4002
4003,4103
4003,3903
4004,4005
4004,4003
4004,4104
4004,3904
4005,4006
4005,4004
4005,4105
4005,3905
4006,4007
4006,4005
4006,4106
4006,3906
4007,4008
4007,4006
4007,4107
4007,3907
4008,4009
4008,4007
4008,4108
4008,3908
4009,4010
4009,4008
4009,4109
4009,3909
4010,4011
4010,4009
4010,4110
4010,3910
4011,4012
4011,4010
4011,4111
4011,3911
4012,4013
4012,4011
4012,4112
4012,3912
4013,4014
4013,4012
4013,4113
4013,3913
4014,4015
4014,4013
4014,4114
4014,3914
4015,4016
4015,4014
4015,4115
4015,3915
4016,4017
4016,4015
4016,4116
4016,3916
4017,4018
4017,4016
4017,4117
4017,3917
4018,4019
4018,4017
4018,4118
4018,3918
4019,4020
4019,4018
4019,4119
4019,3919
4020,4021
4020,4019
4020,4120
4020,3920
4021,4022
4021,4020
4021,4121
4021,3921
4022,4023
4022,4021
4022,4122
4022,3922
4023,4024
4023,4022
4023,4123
4023,3923
4024,4025
4024,4023
4024,4124
4024,3924
4025,4026
4025,4024
4025,4125
4025,3925
4026,4027
4026,4025
4026,4126
4026,3926
4027,4028
4027,4026
4027,4127
4027,3927
4028,4029
4028,4027
4028,4128
4028,3928
4029,4030
4029,4028
4029,4129
4029,3929
4030,4031
4030,4029
4030,4130
4030,3930
4031,4032
4031,4030
4031,4131
4031,3931
4032,4033
4032,4031
4032,4132
4032,3932
4033,4034
4033,4032
4033,4133
4033,3933
4034,4035
4034,4033
4034,4134
4034,3934
4035,4036
4035,4034
4035,4135
4035,3935
4036,4037
4036,4035
4036,4136
4036,3936
4037,4038
4037,4036
4037,4137
4037,3937
4038,4039
4038,4037
4038,4138
4038,3938
4039,4040
4039,4038
4039,4139
4039,3939
4040,4041
4040,4039
4040,4140
4040,3940
4041,4042
4041,4040
4041,4141
4041,3941
4042,4043
4042,4041
4042,4142
4042,3942
4043,4044
4043,4042
4043,4143
4043,3943
4044,4045
4044,4043
4044,4144
4044,3944
4045,4046
4045,4044
4045,4145
4045,3945
4046,4047
4046,4045
4046,4146
4046,3946
4047,4048
4047,4046
4047,4147
4047,3947
4048,4049
4048,4047
4048,4148
4048,3948
4049,4050
4049,4048
4049,4149
4049,3949
4050,4051
4050,4049
4050,4150
4050,3950
4051,4052
4051,4050
4051,4151
4051,3951
4052,4053
4052,4051
4052,4152
4052,3952
4053,4054
4053,4052
4053,4153
4053,3953
4054,4055
4054,4053
4054,4154
4054,3954
4055,4056
4055,4054
4055,4155
4055,3955
4056,4057
4056,4055
4056,4156
4056,3956
4057,4058
4057,4056
4057,4157
4057,3957
4058,4059
4058,4057
4058,4158
4058,3958
4059,4060
4059,4058
4059,4159
4059,3959
4060,4061
4060,4059
4060,4160
4060,3960
4061,4062
4061,4060
4061,4161
4061,3961
4062,4063
4062,4061
4062,4162
4062,3962
4063,4064
4063,4062
4063,4163
4063,3963
4064,4065
4064,4063
4064,4164
4064,3964
4065,4066
4065,4064
4065,4165
4065,3965
4066,4067
4066,4065
4066,4166
4066,3966
4067,4068
4067,4066
4067,4167
4067,3967
4068,4069
4068,4067
4068,4168
4068,3968
4069,4070
4069,4068
4069,4169
4069,3969
4070,4071
4070,4069
4070,4170
4070,3970
4071,4072
4071,4070
4071,4171
4071,3971
4072,4073
4072,4071
4072,4172
4072,3972
4073,4074
4073,4072
4073,4173
4073,3973
4074,4075
4074,4073
4074,4174
4074,3974
4075,4076
4075,4074
4075,4175
4075,3975
4076,4077
4076,4075
4076,4176
4076,3976
4077,4078
4077,4076
4077,4177
4077,3977
4078,4079
4078,4077
4078,4178
4078,3978
4079,4080
4079,4078
4079,4179
4079,3979
4080,4081
4080,4079
4080,4180
4080,3980
4081,4082
4081,4080
4081,4181
4081,3981
4082,4083
4082,4081
4082,4182
4082,3982
4083,4084
4083,4082
4083,4183
4083,3983
4084,4085
4084,4083
4084,4184
4084,3984
4085,4086
4085,4084
4085,4185
4085,3985
4086,4087
4086,4085
4086,4186
4086,3986
4087,4088
4087,4086
4087,4187
4087,3987
4088,4089
4088,4087
4088,4188
4088,3988
4089,4090
4089,4088
4089,4189
4089,3989
4090,4091
4090,4089
4090,4190
4090,3990
4091,4092
4091,4090
4091,4191
4091,3991
4092,4093
4092,4091
4092,4192
4092,3992
4093,4094
4093,4092
4093,4193
4093,3993
4094,4095
4094,4093
4094,4194
4094,3994
4095,4096
4095,4094
4095,4195
4095,3995
4096,4097
4096,4095
4096,4196
4096,3996
4097,4098
4097,4096
4097,4197
4097,3997
4098,4099
4098,4097
4098,4198
4098,3998
4099,4100
4099,4098
4099,4199
4099,3999
4100,4099
4100,4200
4100,4000
4101,4102
4101,4201
4101,4001
4102,4103
4102,4101
4102,4202
4102,4002
4103,4104
4103,4102
4103,4203
4103,4003
4104,4105
4104,4103
4104,4204
4104,4004
4105,4106
4105,4104
4105,4205
4105,4005
4106,4107
4106,4105
4106,4206
4106,4006
4107,4108
4107,4106
4107,4207
4107,4007
4108,4109
4108,4107
4108,4208
4108,4008
4109,4110
4109,4108
4109,4209
4109,4009
4110,4111
4110,4109
4110,4210
4110,4010
4111,4112
4111,4110
4111,4211
4111,4011
4112,4113
4112,4111
4112,4212
4112,4012
4113,4114
4113,4112
4113,4213
4113,4013
4114,4115
4114,4113
4114,4214
4114,4014
4115,4116
4115,4114
4115,4215
4115,4015
4116,4117
4116,4115
4116,4216
4116,4016
4117,4118
4117,4116
4117,4217
4117,4017
4118,4119
4118,4117
4118,4218
4118,4018
4119,4120
4119,4118
4119,4219
4119,4019
4120,4121
4120,4119
4120,4220
4120,4020
4121,4122
4121,4120
4121,4221
4121,4021
4122,4123
4122,4121
4122,4222
4122,4022
4123,4124
4123,4122
4123,4223
4123,4023
4124,4125
4124,4123
4124,4224
4124,4024
4125,4126
4125,4124
4125,4225
4125,4025
4126,4127
4126,4125
4126,4226
4126,4026
4127,4128
4127,4126
4127,4227
4127,4027
4128,4129
4128,4127
4128,4228
4128,4028
4129,4130
4129,4128
4129,4229
4129,4029
4130,4131
4130,4129
4130,4230
4130,4030
4131,4132
4131,4130
4131,4231
4131,4031
4132,4133
4132,4131
4132,4232
4132,4032
4133,4134
4133,4132
4133,4233
4133,4033
4134,4135
4134,4133
4134,4234
4134,4034
4135,4136
4135,4134
4135,4235
4135,4035
4136,4137
4136,4135
4136,4236
4136,4036
4137,4138
4137,4136
4137,4237
4137,4037
4138,4139
4138,4137
4138,4238
4138,4038
4139,4140
4139,4138
4139,4239
4139,4039
4140,4141
4140,4139
4140,4240
4140,4040
4141,4142
4141,4140
4141,4241
4141,4041
4142,4143
4142,4141
4142,4242
4142,4042
4143,4144
4143,4142
4143,4243
4143,4043
4144,4145
4144,4143
4144,4244
4144,4044
4145,4146
4145,4144
4145,4245
4145,4045
4146,4147
4146,4145
4146,4246
4146,4046
4147,4148
4147,4146
4147,4247
4147,4047
4148,4149
4148,4147
4148,4248
4148,4048
4149,4150
4149,4148
4149,4249
4149,4049
4150,4151
4150,4149
4150,4250
4150,4050
4151,4152
4151,4150
4151,4251
4151,4051
4152,4153
4152,4151
4152,4252
4152,4052
4153,4154
4153,4152
4153,4253
4153,4053
4154,4155
4154,4153
4154,4254
4154,4054
4155,4156
4155,4154
4155,4255
4155,4055
4156,4157
4156,4155
4156,4256
4156,4056
4157,4158
4157,4156
4157,4257
4157,4057
4158,4159
4158,4157
4158,4258
4158,4058
4159,4160
4159,4158
4159,4259
4159,4059
4160,4161
4160,4159
4160,4260
4160,4060
4161,4162
4161,4160
4161,4261
4161,4061
4162,4163
4162,4161
4162,4262
4162,4062
4163,4164
4163,4162
4163,4263
4163,4063
4164,4165
4164,4163
4164,4264
4164,4064
4165,4166
4165,4164
4165,4265
4165,4065
4166,4167
4166,4165
4166,4266
4166,4066
4167,4168
4167,4166
4167,4267
4167,4067
4168,4169
4168,4167
4168,4268
4168,4068
4169,4170
4169,4168
4169,4269
4169,4069
4170,4171
4170,4169
4170,4270
4170,4070
4171,4172
4171,4170
4171,4271
4171,4071
4172,4173
4172,4171
4172,4272
4172,4072
4173,4174
4173,4172
4173,4273
4173,4073
4174,4175
4174,4173
4174,4274
4174,4074
4175,4176
4175,4174
4175,4275
4175,4075
4176,4177
4176,4175
4176,4276
4176,4076
4177,4178
4177,4176
4177,4277
4177,4077
4178,4179
4178,4177
4178,4278
4178,4078
4179,4180
4179,4178
4179,4279
4179,4079
4180,4181
4180,4179
4180,4280
4180,4080
4181,4182
4181,4180
4181,4281
4181,4081
4182,4183
4182,4181
4182,4282
4182,4082
4183,4184
4183,4182
4183,4283
4183,4083
4184,4185
4184,4183
4184,4284
4184,4084
4185,4186
4185,4184
4185,4285
4185,4085
4186,4187
4186,4185
4186,4286
4186,4086
4187,4188
4187,4186
4187,4287
4187,4087
4188,4189
4188,4187
4188,4288
4188,4088
4189,4190
4189,4188
4189,4289
4189,4089
4190,4191
4190,4189
4190,4290
4190,4090
4191,4192
4191,4190
4191,4291
4191,4091
4192,4193
4192,4191
4192,4292
4192,4092
4193,4194
4193,4192
4193,4293
4193,4093
4194,4195
4194,4193
4194,4294
4194,4094
4195,4196
4195,4194
4195,4295
4195,4095
4196,4197
4196,4195
4196,4296
4196,4096
4197,4198
4197,4196
4197,4297
4197,4097
4198,4199
4198,4197
4198,4298
4198,4098
4199,4200
4199,4198
4199,4299
4199,4099
4200,4199
4200,4300
4200,4100
4201,4202
4201,4301
4201,4101
4202,4203
4202,4201
4202,4302
4202,4102
4203,4204
4203,4202
4203,4303
4203,4103
4204,4205
4204,4203
4204,4304
4204,4104
4205,4206
4205,4204
4205,4305
4205,4105
4206,4207
4206,4205
4206,4306
4206,4106
4207,4208
4207,4206
4207,4307
4207,4107
4208,4209
4208,4207
4208,4308
4208,4108
4209,4210
4209,4208
4209,4309
4209,4109
4210,4211
4210,4209
4210,4310
4210,4110
4211,4212
4211,4210
4211,4311
4211,4111
4212,4213
4212,4211
4212,4312
4212,4112
4213,4214
4213,4212
4213,4313
4213,4113
4214,4215
4214,4213
4214,4314
4214,4114
4215,4216
4215,4214
4215,4315
4215,4115
4216,4217
4216,4215
4216,4316
4216,4116
4217,4218
4217,4216
4217,4317
4217,4117
4218,4219
4218,4217
4218,4318
4218,4118
4219,4220
4219,4218
4219,4319
4219,4119
4220,4221
4220,4219
4220,4320
4220,4120
4221,4222
4221,4220
4221,4321
4221,4121
4222,4223
4222,4221
4222,4322
4222,4122
4223,4224
4223,4222
4223,4323
4223,4123
4224,4225
4224,4223
4224,4324
4224,4124
4225,4226
4225,4224
4225,4325
4225,4125
4226,4227
4226,4225
4226,4326
4226,4126
4227,4228
4227,4226
4227,4327
4227,4127
4228,4229
4228,4227
4228,4328
4228,4128
4229,4230
4229,4228
4229,4329
4229,4129
4230,4231
4230,4229
4230,4330
4230,4130
4231,4232
4231,4230
4231,4331
4231,4131
4232,4233
4232,4231
4232,4332
4232,4132
4233,4234
4233,4232
4233,4333
4233,4133
4234,4235
4234,4233
4234,4334
4234,4134
4235,4236
4235,4234
4235,4335
4235,4135
4236,4237
4236,4235
4236,4336
4236,4136
4237,4238
4237,4236
4237,4337
4237,4137
4238,4239
4238,4237
4238,4338
4238,4138
4239,4240
4239,4238
4239,4339
4239,4139
4240,4241
4240,4239
4240,4340
4240,4140
4241,4242
4241,4240
4241,4341
4241,4141
4242,4243
4242,4241
4242,4342
4242,4142
4243,4244
4243,4242
4243,4343
4243,4143
4244,4245
4244,4243
4244,4344
4244,4144
4245,4246
4245,4244
4245,4345
4245,4145
4246,4247
4246,4245
4246,4346
4246,4146
4247,4248
4247,4246
4247,4347
4247,4147
4248,4249
4248,4247
4248,4348
4248,4148
4249,4250
4249,4248
4249,4349
4249,4149
4250,4251
4250,4249
4250,4350
4250,4150
4251,4252
4251,4250
4251,4351
4251,4151
4252,4253
4252,4251
4252,4352
4252,4152
4253,4254
4253,4252
4253,4353
4253,4153
4254,4255
4254,4253
4254,4354
4254,4154
4255,4256
4255,4254
4255,4355
4255,4155
4256,4257
4256,4255
4256,4356
4256,4156
4257,4258
4257,4256
4257,4357
4257,4157
4258,4259
4258,4257
4258,4358
4258,4158
4259,4260
4259,4258
4259,4359
4259,4159
4260,4261
4260,4259
4260,4360
4260,4160
4261,4262
4261,4260
4261,4361
4261,4161
4262,4263
4262,4261
4262,4362
4262,4162
4263,4264
4263,4262
4263,4363
4263,4163
4264,4265
4264,4263
4264,4364
4264,4164
4265,4266
4265,4264
4265,4365
4265,4165
4266,4267
4266,4265
4266,4366
4266,4166
4267,4268
4267,4266
4267,4367
4267,4167
4268,4269
4268,4267
4268,4368
4268,4168
4269,4270
4269,4268
4269,4369
4269,4169
4270,4271
4270,4269
4270,4370
4270,4170
4271,4272
4271,4270
4271,4371
4271,4171
4272,4273
4272,4271
4272,4372
4272,4172
4273,4274
4273,4272
4273,4373
4273,4173
4274,4275
4274,4273
4274,4374
4274,4174
4275,4276
4275,4274
4275,4375
4275,4175
4276,4277
4276,4275
4276,4376
4276,4176
4277,4278
4277,4276
4277,4377
4277,4177
4278,4279
4278,4277
4278,4378
4278,4178
4279,4280
4279,4278
4279,4379
4279,4179
4280,4281
4280,4279
4280,4380
4280,4180
4281,4282
4281,4280
4281,4381
4281,4181
4282,4283
4282,4281
4282,4382
4282,4182
4283,4284
4283,4282
4283,4383
4283,4183
4284,4285
4284,4283
4284,4384
4284,4184
4285,4286
4285,4284
4285,4385
4285,4185
4286,4287
4286,4285
4286,4386
4286,4186
4287,4288
4287,4286
4287,4387
4287,4187
4288,4289
4288,4287
4288,4388
4288,4188
4289,4290
4289,4288
4289,4389
4289,4189
4290,4291
4290,4289
4290,4390
4290,4190
4291,4292
4291,4290
4291,4391
4291,4191
4292,4293
4292,4291
4292,4392
4292,4192
4293,4294
4293,4292
4293,4393
4293,4193
4294,4295
4294,4293
4294,4394
4294,4194
4295,4296
4295,4294
4295,4395
4295,4195
4296,4297
4296,4295
4296,4396
4296,4196
4297,4298
4297,4296
4297,4397
4297,4197
4298,4299
4298,4297
4298,4398
4298,4198
4299,4300
4299,4298
4299,4399
4299,4199
4300,4299
4300,4400
4300,4200
4301,4302
4301,4401
4301,4201
4302,4303
4302,4301
4302,4402
4302,4202
4303,4304
4303,4302
4303,4403
4303,4203
4304,4305
4304,4303
4304,4404
4304,4204
4305,4306
4305,4304
4305,4405
4305,4205
4306,4307
4306,4305
4306,4406
4306,4206
4307,4308
4307,4306
4307,4407
4307,4207
4308,4309
4308,4307
4308,4408
4308,4208
4309,4310
4309,4308
4309,4409
4309,4209
4310,4311
4310,4309
4310,4410
4310,4210
4311,4312
4311,4310
4311,4411
4311,4211
4312,4313
4312,4311
4312,4412
4312,4212
4313,4314
4313,4312
4313,4413
4313,4213
4314,4315
4314,4313
4314,4414
4314,4214
4315,4316
4315,4314
4315,4415
4315,4215
4316,4317
4316,4315
4316,4416
4316,4216
4317,4318
4317,4316
4317,4417
4317,4217
4318,4319
4318,4317
4318,4418
4318,4218
4319,4320
4319,4318
4319,4419
4319,4219
4320,4321
4320,4319
4320,4420
4320,4220
4321,4322
4321,4320
4321,4421
4321,4221
4322,4323
4322,4321
4322,4422
4322,4222
4323,4324
4323,4322
4323,4423
4323,4223
4324,4325
4324,4323
4324,4424
4324,4224
4325,4326
4325,4324
4325,4425
4325,4225
4326,4327
4326,4325
4326,4426
4326,4226
4327,4328
4327,4326
4327,4427
4327,4227
4328,4329
4328,4327
4328,4428
4328,4228
4329,4330
4329,4328
4329,4429
4329,4229
4330,4331
4330,4329
4330,4430
4330,4230
4331,4332
4331,4330
4331,4431
4331,4231
4332,4333
4332,4331
4332,4432
4332,4232
4333,4334
4333,4332
4333,4433
4333,4233
4334,4335
4334,4333
4334,4434
4334,4234
4335,4336
4335,4334
4335,4435
4335,4235
4336,4337
4336,4335
4336,4436
4336,4236
4337,4338
4337,4336
4337,4437
4337,4237
4338,4339
4338,4337
4338,4438
4338,4238
4339,4340
4339,4338
4339,4439
4339,4239
4340,4341
4340,4339
4340,4440
4340,4240
4341,4342
4341,4340
4341,4441
4341,4241
4342,4343
4342,4341
4342,4442
4342,4242
4343,4344
4343,4342
4343,4443
4343,4243
4344,4345
4344,4343
4344,4444
4344,4244
4345,4346
4345,4344
4345,4445
4345,4245
4346,4347
4346,4345
4346,4446
4346,4246
4347,4348
4347,4346
4347,4447
4347,4247
4348,4349
4348,4347
4348,4448
4348,4248
4349,4350
4349,4348
4349,4449
4349,4249
4350,4351
4350,4349
4350,4450
4350,4250
4351,4352
4351,4350
4351,4451
4351,4251
4352,4353
4352,4351
4352,4452
4352,4252
4353,4354
4353,4352
4353,4453
4353,4253
4354,4355
4354,4353
4354,4454
4354,4254
4355,4356
4355,4354
4355,4455
4355,4255
4356,4357
4356,4355
4356,4456
4356,4256
4357,4358
4357,4356
4357,4457
4357,4257
4358,4359
4358,4357
4358,4458
4358,4258
4359,4360
4359,4358
4359,4459
4359,4259
4360,4361
4360,4359
4360,4460
4360,4260
4361,4362
4361,4360
4361,4461
4361,4261
4362,4363
4362,4361
4362,4462
4362,4262
4363,4364
4363,4362
4363,4463
4363,4263
4364,4365
4364,4363
4364,4464
4364,4264
4365,4366
4365,4364
4365,4465
4365,4265
4366,4367
4366,4365
4366,4466
4366,4266
4367,4368
4367,4366
4367,4467
4367,4267
4368,4369
4368,4367
4368,4468
4368,4268
4369,4370
4369,4368
4369,4469
4369,4269
4370,4371
4370,4369
4370,4470
4370,4270
4371,4372
4371,4370
4371,4471
4371,4271
4372,4373
4372,4371
4372,4472
4372,4272
4373,4374
4373,4372
4373,4473
4373,4273
4374,4375
4374,4373
4374,4474
4374,4274
4375,4376
4375,4374
4375,4475
4375,4275
4376,4377
4376,4375
4376,4476
4376,4276
4377,4378
4377,4376
4377,4477
4377,4277
4378,4379
4378,4377
4378,4478
4378,4278
4379,4380
4379,4378
4379,4479
4379,4279
4380,4381
4380,4379
4380,4480
4380,4280
4381,4382
4381,4380
4381,4481
4381,4281
4382,4383
4382,4381
4382,4482
4382,4282
4383,4384
4383,4382
4383,4483
4383,4283
4384,4385
4384,4383
4384,4484
4384,4284
4385,4386
4385,4384
4385,4485
4385,4285
4386,4387
4386,4385
4386,4486
4386,4286
4387,4388
4387,4386
4387,4487
4387,4287
4388,4389
4388,4387
4388,4488
4388,4288
4389,4390
4389,4388
4389,4489
4389,4289
4390,4391
4390,4389
4390,4490
4390,4290
4391,4392
4391,4390
4391,4491
4391,4291
4392,4393
4392,4391
4392,4492
4392,4292
4393,4394
4393,4392
4393,4493
4393,4293
4394,4395
4394,4393
4394,4494
4394,4294
4395,4396
4395,4394
4395,4495
4395,4295
4396,4397
4396,4395
4396,4496
4396,4296
4397,4398
4397,4396
4397,4497
4397,4297
4398,4399
4398,4397
4398,4498
4398,4298
4399,4400
4399,4398
4399,4499
4399,4299
4400,4399
4400,4500
4400,4300
4401,4402
4401,4501
4401,4301
4402,4403
4402,4401
4402,4502
4402,4302
4403,4404
4403,4402
4403,4503
4403,4303
4404,4405
4404,4403
4404,4504
4404,4304
4405,4406
4405,4404
4405,4505
4405,4305
4406,4407
4406,4405
4406,4506
4406,4306
4407,4408
4407,4406
4407,4507
4407,4307
4408,4409
4408,4407
4408,4508
4408,4308
4409,4410
4409,4408
4409,4509
4409,4309
4410,4411
4410,4409
4410,4510
4410,4310
4411,4412
4411,4410
4411,4511
4411,4311
4412,4413
4412,4411
4412,4512
4412,4312
4413,4414
4413,4412
4413,4513
4413,4313
4414,4415
4414,4413
4414,4514
4414,4314
4415,4416
4415,4414
4415,4515
4415,4315
4416,4417
4416,4415
4416,4516
4416,4316
4417,4418
4417,4416
4417,4517
4417,4317
4418,4419
4418,4417
4418,4518
4418,4318
4419,4420
4419,4418
4419,4519
4419,4319
4420,4421
4420,4419
4420,4520
4420,4320
4421,4422
4421,4420
4421,4521
4421,4321
4422,4423
4422,4421
4422,4522
4422,4322
4423,4424
4423,4422
4423,4523
4423,4323
4424,4425
4424,4423
4424,4524
4424,4324
4425,4426
4425,4424
4425,4525
4425,4325
4426,4427
4426,4425
4426,4526
4426,4326
4427,4428
4427,4426
4427,4527
4427,4327
4428,4429
4428,4427
4428,4528
4428,4328
4429,4430
4429,4428
4429,4529
4429,4329
4430,4431
4430,4429
4430,4530
4430,4330
4431,4432
4431,4430
4431,4531
4431,4331
4432,4433
4432,4431
4432,4532
4432,4332
4433,4434
4433,4432
4433,4533
4433,4333
4434,4435
4434,4433
4434,4534
4434,4334
4435,4436
4435,4434
4435,4535
4435,4335
4436,4437
4436,4435
4436,4536
4436,4336
4437,4438
4437,4436
4437,4537
4437,4337
4438,4439
4438,4437
4438,4538
4438,4338
4439,4440
4439,4438
4439,4539
4439,4339
4440,4441
4440,4439
4440,4540
4440,4340
4441,4442
4441,4440
4441,4541
4441,4341
4442,4443
4442,4441
4442,4542
4442,4342
4443,4444
4443,4442
4443,4543
4443,4343
4444,4445
4444,4443
4444,4544
4444,4344
4445,4446
4445,4444
4445,4545
4445,4345
4446,4447
4446,4445
4446,4546
4446,4346
4447,4448
4447,4446
4447,4547
4447,4347
4448,4449
4448,4447
4448,4548
4448,4348
4449,4450
4449,4448
4449,4549
4449,4349
4450,4451
4450,4449
4450,4550
4450,4350
4451,4452
4451,4450
4451,4551
4451,4351
4452,4453
4452,4451
4452,4552
4452,4352
4453,4454
4453,4452
4453,4553
4453,4353
4454,4455
4454,4453
4454,4554
4454,4354
4455,4456
4455,4454
4455,4555
4455,4355
4456,4457
4456,4455
4456,4556
4456,4356
4457,4458
4457,4456
4457,4557
4457,4357
4458,4459
4458,4457
4458,4558
4458,4358
4459,4460
4459,4458
4459,4559
4459,4359
4460,4461
4460,4459
4460,4560
4460,4360
4461,4462
4461,4460
4461,4561
4461,4361
4462,4463
4462,4461
4462,4562
4462,4362
4463,4464
4463,4462
4463,4563
4463,4363
4464,4465
4464,4463
4464,4564
4464,4364
4465,4466
4465,4464
4465,4565
4465,4365
4466,4467
4466,4465
4466,4566
4466,4366
4467,4468
4467,4466
4467,4567
4467,4367
4468,4469
4468,4467
4468,4568
4468,4368
4469,4470
4469,4468
4469,4569
4469,4369
4470,4471
4470,4469
4470,4570
4470,4370
4471,4472
4471,4470
4471,4571
4471,4371
4472,4473
4472,4471
4472,4572
4472,4372
4473,4474
4473,4472
4473,4573
4473,4373
4474,4475
4474,4473
4474,4574
4474,4374
4475,4476
4475,4474
4475,4575
4475,4375
4476,4477
4476,4475
4476,4576
4476,4376
4477,4478
4477,4476
4477,4577
4477,4377
4478,4479
4478,4477
4478,4578
4478,4378
4479,4480
4479,4478
4479,4579
4479,4379
4480,4481
4480,4479
4480,4580
4480,4380
4481,4482
4481,4480
4481,4581
4481,4381
4482,4483
4482,4481
4482,4582
4482,4382
4483,4484
4483,4482
4483,4583
4483,4383
4484,4485
4484,4483
4484,4584
4484,4384
4485,4486
4485,4484
4485,4585
4485,4385
4486,4487
4486,4485
4486,4586
4486,4386
4487,4488
4487,4486
4487,4587
4487,4387
4488,4489
4488,4487
4488,4588
4488,4388
4489,4490
4489,4488
4489,4589
4489,4389
4490,4491
4490,4489
4490,4590
4490,4390
4491,4492
4491,4490
4491,4591
4491,4391
4492,4493
4492,4491
4492,4592
4492,4392
4493,4494
4493,4492
4493,4593
4493,4393
4494,4495
4494,4493
4494,4594
4494,4394
4495,4496
4495,4494
4495,4595
4495,4395
4496,4497
4496,4495
4496,4596
4496,4396
4497,4498
4497,4496
4497,4597
4497,4397
4498,4499
4498,4497
4498,4598
4498,4398
4499,4500
4499,4498
4499,4599
4499,4399
4500,4499
4500,4600
4500,4400
4501,4502
4501,4601
4501,4401
4502,4503
4502,4501
4502,4602
4502,4402
4503,4504
4503,4502
4503,4603
4503,4403
4504,4505
4504,4503
4504,4604
4504,4404
4505,4506
4505,4504
4505,4605
4505,4405
4506,4507
4506,4505
4506,4606
4506,4406
4507,4508
4507,4506
4507,4607
4507,4407
4508,4509
4508,4507
4508,4608
4508,4408
4509,4510
4509,4508
4509,4609
4509,4409
4510,4511
4510,4509
4510,4610
4510,4410
4511,4512
4511,4510
4511,4611
4511,4411
4512,4513
4512,4511
4512,4612
4512,4412
4513,4514
4513,4512
4513,4613
4513,4413
4514,4515
4514,4513
4514,4614
4514,4414
4515,4516
4515,4514
4515,4615
4515,4415
4516,4517
4516,4515
4516,4616
4516,4416
4517,4518
4517,4516
4517,4617
4517,4417
4518,4519
4518,4517
4518,4618
4518,4418
4519,4520
4519,4518
4519,4619
4519,4419
4520,4521
4520,4519
4520,4620
4520,4420
4521,4522
4521,4520
4521,4621
4521,4421
4522,4523
4522,4521
4522,4622
4522,4422
4523,4524
4523,4522
4523,4623
4523,4423
4524,4525
4524,4523
4524,4624
4524,4424
4525,4526
4525,4524
4525,4625
4525,4425
4526,4527
4526,4525
4526,4626
4526,4426
4527,4528
4527,4526
4527,4627
4527,4427
4528,4529
4528,4527
4528,4628
4528,4428
4529,4530
4529,4528
4529,4629
4529,4429
4530,4531
4530,4529
4530,4630
4530,4430
4531,4532
4531,4530
4531,4631
4531,4431
4532,4533
4532,4531
4532,4632
4532,4432
4533,4534
4533,4532
4533,4633
4533,4433
4534,4535
4534,4533
4534,4634
4534,4434
4535,4536
4535,4534
4535,4635
4535,4435
4536,4537
4536,4535
4536,4636
4536,4436
4537,4538
4537,4536
4537,4637
4537,4437
4538,4539
4538,4537
4538,4638
4538,4438
4539,4540
4539,4538
4539,4639
4539,4439
4540,4541
4540,4539
4540,4640
4540,4440
4541,4542
4541,4540
4541,4641
4541,4441
4542,4543
4542,4541
4542,4642
4542,4442
4543,4544
4543,4542
4543,4643
4543,4443
4544,4545
4544,4543
4544,4644
4544,4444
4545,4546
4545,4544
4545,4645
4545,4445
4546,4547
4546,4545
4546,4646
4546,4446
4547,4548
4547,4546
4547,4647
4547,4447
4548,4549
4548,4547
4548,4648
4548,4448
4549,4550
4549,4548
4549,4649
4549,4449
4550,4551
4550,4549
4550,4650
4550,4450
4551,4552
4551,4550
4551,4651
4551,4451
4552,4553
4552,4551
4552,4652
4552,4452
4553,4554
4553,4552
4553,4653
4553,4453
4554,4555
4554,4553
4554,4654
4554,4454
4555,4556
4555,4554
4555,4655
4555,4455
4556,4557
4556,4555
4556,4656
4556,4456
4557,4558
4557,4556
4557,4657
4557,4457
4558,4559
4558,4557
4558,4658
4558,4458
4559,4560
4559,4558
4559,4659
4559,4459
4560,4561
4560,4559
4560,4660
4560,4460
4561,4562
4561,4560
4561,4661
4561,4461
4562,4563
4562,4561
4562,4662
4562,4462
4563,4564
4563,4562
4563,4663
4563,4463
4564,4565
4564,4563
4564,4664
4564,4464
4565,4566
4565,4564
4565,4665
4565,4465
4566,4567
4566,4565
4566,4666
4566,4466
4567,4568
4567,4566
4567,4667
4567,4467
4568,4569
4568,4567
4568,4668
4568,4468
4569,4570
4569,4568
4569,4669
4569,4469
4570,4571
4570,4569
4570,4670
4570,4470
4571,4572
4571,4570
4571,4671
4571,4471
4572,4573
4572,4571
4572,4672
4572,4472
4573,4574
4573,4572
4573,4673
4573,4473
4574,4575
4574,4573
4574,4674
4574,4474
4575,4576
4575,4574
4575,4675
4575,4475
4576,4577
4576,4575
4576,4676
4576,4476
4577,4578
4577,4576
4577,4677
4577,4477
4578,4579
4578,4577
4578,4678
4578,4478
4579,4580
4579,4578
4579,4679
4579,4479
4580,4581
4580,4579
4580,4680
4580,4480
4581,4582
4581,4580
4581,4681
4581,4481
4582,4583
4582,4581
4582,4682
4582,4482
4583,4584
4583,4582
4583,4683
4583,4483
4584,4585
4584,4583
4584,4684
4584,4484
4585,4586
4585,4584
4585,4685
4585,4485
4586,4587
4586,4585
4586,4686
4586,4486
4587,4588
4587,4586
4587,4687
4587,4487
4588,4589
4588,4587
4588,4688
4588,4488
4589,4590
4589,4588
4589,4689
4589,4489
4590,4591
4590,4589
4590,4690
4590,4490
4591,4592
4591,4590
4591,4691
4591,4491
4592,4593
4592,4591
4592,4692
4592,4492
4593,4594
4593,4592
4593,4693
4593,4493
4594,4595
4594,4593
4594,4694
4594,4494
4595,4596
4595,4594
4595,4695
4595,4495
4596,4597
4596,4595
4596,4696
4596,4496
4597,4598
4597,4596
4597,4697
4597,4497
4598,4599
4598,4597
4598,4698
4598,4498
4599,4600
4599,4598
4599,4699
4599,4499
4600,4599
4600,4700
4600,4500
4601,4602
4601,4701
4601,4501
4602,4603
4602,4601
4602,4702
4602,4502
4603,4604
4603,4602
4603,4703
4603,4503
4604,4605
4604,4603
4604,4704
4604,4504
4605,4606
4605,4604
4605,4705
4605,4505
4606,4607
4606,4605
4606,4706
4606,4506
4607,4608
4607,4606
4607,4707
4607,4507
4608,4609
4608,4607
4608,4708
4608,4508
4609,4610
4609,4608
4609,4709
4609,4509
4610,4611
4610,4609
4610,4710
4610,4510
4611,4612
4611,4610
4611,4711
4611,4511
4612,4613
4612,4611
4612,4712
4612,4512
4613,4614
4613,4612
4613,4713
4613,4513
4614,4615
4614,4613
4614,4714
4614,4514
4615,4616
4615,4614
4615,4715
4615,4515
4616,4617
4616,4615
4616,4716
4616,4516
4617,4618
4617,4616
4617,4717
4617,4517
4618,4619
4618,4617
4618,4718
4618,4518
4619,4620
4619,4618
4619,4719
4619,4519
4620,4621
4620,4619
4620,4720
4620,4520
4621,4622
4621,4620
4621,4721
4621,4521
4622,4623
4622,4621
4622,4722
4622,4522
4623,4624
4623,4622
4623,4723
4623,4523
4624,4625
4624,4623
4624,4724
4624,4524
4625,4626
4625,4624
4625,4725
4625,4525
4626,4627
4626,4625
4626,4726
4626,4526
4627,4628
4627,4626
4627,4727
4627,4527
4628,4629
4628,4627
4628,4728
4628,4528
4629,4630
4629,4628
4629,4729
4629,4529
4630,4631
4630,4629
4630,4730
4630,4530
4631,4632
4631,4630
4631,4731
4631,4531
4632,4633
4632,4631
4632,4732
4632,4532
4633,4634
4633,4632
4633,4733
4633,4533
4634,4635
4634,4633
4634,4734
4634,4534
4635,4636
4635,4634
4635,4735
4635,4535
4636,4637
4636,4635
4636,4736
4636,4536
4637,4638
4637,4636
4637,4737
4637,4537
4638,4639
4638,4637
4638,4738
4638,4538
4639,4640
4639,4638
4639,4739
4639,4539
4640,4641
4640,4639
4640,4740
4640,4540
4641,4642
4641,4640
4641,4741
4641,4541
4642,4643
4642,4641
4642,4742
4642,4542
4643,4644
4643,4642
4643,4743
4643,4543
4644,4645
4644,4643
4644,4744
4644,4544
4645,4646
4645,4644
4645,4745
4645,4545
4646,4647
4646,4645
4646,4746
4646,4546
4647,4648
4647,4646
4647,4747
4647,4547
4648,4649
4648,4647
4648,4748
4648,4548
4649,4650
4649,4648
4649,4749
4649,4549
4650,4651
4650,4649
4650,4750
4650,4550
4651,4652
4651,4650
4651,4751
4651,4551
4652,4653
4652,4651
4652,4752
4652,4552
4653,4654
4653,4652
4653,4753
4653,4553
4654,4655
4654,4653
4654,4754
4654,4554
4655,4656
4655,4654
4655,4755
4655,4555
4656,4657
4656,4655
4656,4756
4656,4556
4657,4658
4657,4656
4657,4757
4657,4557
4658,4659
4658,4657
4658,4758
4658,4558
4659,4660
4659,4658
4659,4759
4659,4559
4660,4661
4660,4659
4660,4760
4660,4560
4661,4662
4661,4660
4661,4761
4661,4561
4662,4663
4662,4661
4662,4762
4662,4562
4663,4664
4663,4662
4663,4763
4663,4563
4664,4665
4664,4663
4664,4764
4664,4564
4665,4666
4665,4664
4665,4765
4665,4565
4666,4667
4666,4665
4666,4766
4666,4566
4667,4668
4667,4666
4667,4767
4667,4567
4668,4669
4668,4667
4668,4768
4668,4568
4669,4670
4669,4668
4669,4769
4669,4569
4670,4671
4670,4669
4670,4770
4670,4570
4671,4672
4671,4670
4671,4771
4671,4571
4672,4673
4672,4671
4672,4772
4672,4572
4673,4674
4673,4672
4673,4773
4673,4573
4674,4675
4674,4673
4674,4774
4674,4574
4675,4676
4675,4674
4675,4775
4675,4575
4676,4677
4676,4675
4676,4776
4676,4576
4677,4678
4677,4676
4677,4777
4677,4577
4678,4679
4678,4677
4678,4778
4678,4578
4679,4680
4679,4678
4679,4779
4679,4579
4680,4681
4680,4679
4680,4780
4680,4580
4681,4682
4681,4680
4681,4781
4681,4581
4682,4683
4682,4681
4682,4782
4682,4582
4683,4684
4683,4682
4683,4783
4683,4583
4684,4685
4684,4683
4684,4784
4684,4584
4685,4686
4685,4684
4685,4785
4685,4585
4686,4687
4686,4685
4686,4786
4686,4586
4687,4688
4687,4686
4687,4787
4687,4587
4688,4689
4688,4687
4688,4788
4688,4588
4689,4690
4689,4688
4689,4789
4689,4589
4690,4691
4690,4689
4690,4790
4690,4590
4691,4692
4691,4690
4691,4791
4691,4591
4692,4693
4692,4691
4692,4792
4692,4592
4693,4694
4693,4692
4693,4793
4693,4593
4694,4695
4694,4693
4694,4794
4694,4594
4695,4696
4695,4694
4695,4795
4695,4595
4696,4697
4696,4695
4696,4796
4696,4596
4697,4698
4697,4696
4697,4797
4697,4597
4698,4699
4698,4697
4698,4798
4698,4598
4699,4700
4699,4698
4699,4799
4699,4599
4700,4699
4700,4800
4700,4600
4701,4702
4701,4801
4701,4601
4702,4703
4702,4701
4702,4802
4702,4602
4703,4704
4703,4702
4703,4803
4703,4603
4704,4705
4704,4703
4704,4804
4704,4604
4705,4706
4705,4704
4705,4805
4705,4605
4706,4707
4706,4705
4706,4806
4706,4606
4707,4708
4707,4706
4707,4807
4707,4607
4708,4709
4708,4707
4708,4808
4708,4608
4709,4710
4709,4708
4709,4809
4709,4609
4710,4711
4710,4709
4710,4810
4710,4610
4711,4712
4711,4710
4711,4811
4711,4611
4712,4713
4712,4711
4712,4812
4712,4612
4713,4714
4713,4712
4713,4813
4713,4613
4714,4715
4714,4713
4714,4814
4714,4614
4715,4716
4715,4714
4715,4815
4715,4615
4716,4717
4716,4715
4716,4816
4716,4616
4717,4718
4717,4716
4717,4817
4717,4617
4718,4719
4718,4717
4718,4818
4718,4618
4719,4720
4719,4718
4719,4819
4719,4619
4720,4721
4720,4719
4720,4820
4720,4620
4721,4722
4721,4720
4721,4821
4721,4621
4722,4723
4722,4721
4722,4822
4722,4622
4723,4724
4723,4722
4723,4823
4723,4623
4724,4725
4724,4723
4724,4824
4724,4624
4725,4726
4725,4724
4725,4825
4725,4625
4726,4727
4726,4725
4726,4826
4726,4626
4727,4728
4727,4726
4727,4827
4727,4627
4728,4729
4728,4727
4728,4828
4728,4628
4729,4730
4729,4728
4729,4829
4729,4629
4730,4731
4730,4729
4730,4830
4730,4630
4731,4732
4731,4730
4731,4831
4731,4631
4732,4733
4732,4731
4732,4832
4732,4632
4733,4734
4733,4732
4733,4833
4733,4633
4734,4735
4734,4733
4734,4834
4734,4634
4735,4736
4735,4734
4735,4835
4735,4635
4736,4737
4736,4735
4736,4836
4736,4636
4737,4738
4737,4736
4737,4837
4737,4637
4738,4739
4738,4737
4738,4838
4738,4638
4739,4740
4739,4738
4739,4839
4739,4639
4740,4741
4740,4739
4740,4840
4740,4640
4741,4742
4741,4740
4741,4841
4741,4641
4742,4743
4742,4741
4742,4842
4742,4642
4743,4744
4743,4742
4743,4843
4743,4643
4744,4745
4744,4743
4744,4844
4744,4644
4745,4746
4745,4744
4745,4845
4745,4645
4746,4747
4746,4745
4746,4846
4746,4646
4747,4748
4747,4746
4747,4847
4747,4647
4748,4749
4748,4747
4748,4848
4748,4648
4749,4750
4749,4748
4749,4849
4749,4649
4750,4751
4750,4749
4750,4850
4750,4650
4751,4752
4751,4750
4751,4851
4751,4651
4752,4753
4752,4751
4752,4852
4752,4652
4753,4754
4753,4752
4753,4853
4753,4653
4754,4755
4754,4753
4754,4854
4754,4654
4755,4756
4755,4754
4755,4855
4755,4655
4756,4757
4756,4755
4756,4856
4756,4656
4757,4758
4757,4756
4757,4857
4757,4657
4758,4759
4758,4757
4758,4858
4758,4658
4759,4760
4759,4758
4759,4859
4759,4659
4760,4761
4760,4759
4760,4860
4760,4660
4761,4762
4761,4760
4761,4861
4761,4661
4762,4763
4762,4761
4762,4862
4762,4662
4763,4764
4763,4762
4763,4863
4763,4663
4764,4765
4764,4763
4764,4864
4764,4664
4765,4766
4765,4764
4765,4865
4765,4665
4766,4767
4766,4765
4766,4866
4766,4666
4767,4768
4767,4766
4767,4867
4767,4667
4768,4769
4768,4767
4768,4868
4768,4668
4769,4770
4769,4768
4769,4869
4769,4669
4770,4771
4770,4769
4770,4870
4770,4670
4771,4772
4771,4770
4771,4871
4771,4671
4772,4773
4772,4771
4772,4872
4772,4672
4773,4774
4773,4772
4773,4873
4773,4673
4774,4775
4774,4773
4774,4874
4774,4674
4775,4776
4775,4774
4775,4875
4775,4675
4776,4777
4776,4775
4776,4876
4776,4676
4777,4778
4777,4776
4777,4877
4777,4677
4778,4779
4778,4777
4778,4878
4778,4678
4779,4780
4779,4778
4779,4879
4779,4679
4780,4781
4780,4779
4780,4880
4780,4680
4781,4782
4781,4780
4781,4881
4781,4681
4782,4783
4782,4781
4782,4882
4782,4682
4783,4784
4783,4782
4783,4883
4783,4683
4784,4785
4784,4783
4784,4884
4784,4684
4785,4786
4785,4784
4785,4885
4785,4685
4786,4787
4786,4785
4786,4886
4786,4686
4787,4788
4787,4786
4787,4887
4787,4687
4788,4789
4788,4787
4788,4888
4788,4688
4789,4790
4789,4788
4789,4889
4789,4689
4790,4791
4790,4789
4790,4890
4790,4690
4791,4792
4791,4790
4791,4891
4791,4691
4792,4793
4792,4791
4792,4892
4792,4692
4793,4794
4793,4792
4793,4893
4793,4693
4794,4795
4794,4793
4794,4894
4794,4694
4795,4796
4795,4794
4795,4895
4795,4695
4796,4797
4796,4795
4796,4896
4796,4696
4797,4798
4797,4796
4797,4897
4797,4697
4798,4799
4798,4797
4798,4898
4798,4698
4799,4800
4799,4798
4799,4899
4799,4699
4800,4799
4800,4900
4800,4700
4801,4802
4801,4901
4801,4701
4802,4803
4802,4801
4802,4902
4802,4702
4803,4804
4803,4802
4803,4903
4803,4703
4804,4805
4804,4803
4804,4904
4804,4704
4805,4806
4805,4804
4805,4905
4805,4705
4806,4807
4806,4805
4806,4906
4806,4706
4807,4808
4807,4806
4807,4907
4807,4707
4808,4809
4808,4807
4808,4908
4808,4708
4809,4810
4809,4808
4809,4909
4809,4709
4810,4811
4810,4809
4810,4910
4810,4710
4811,4812
4811,4810
4811,4911
4811,4711
4812,4813
4812,4811
4812,4912
4812,4712
4813,4814
4813,4812
4813,4913
4813,4713
4814,4815
4814,4813
4814,4914
4814,4714
4815,4816
4815,4814
4815,4915
4815,4715
4816,4817
4816,4815
4816,4916
4816,4716
4817,4818
4817,4816
4817,4917
4817,4717
4818,4819
4818,4817
4818,4918
4818,4718
4819,4820
4819,4818
4819,4919
4819,4719
4820,4821
4820,4819
4820,4920
4820,4720
4821,4822
4821,4820
4821,4921
4821,4721
4822,4823
4822,4821
4822,4922
4822,4722
4823,4824
4823,4822
4823,4923
4823,4723
4824,4825
4824,4823
4824,4924
4824,4724
4825,4826
4825,4824
4825,4925
4825,4725
4826,4827
4826,4825
4826,4926
4826,4726
4827,4828
4827,4826
4827,4927
4827,4727
4828,4829
4828,4827
4828,4928
4828,4728
4829,4830
4829,4828
4829,4929
4829,4729
4830,4831
4830,4829
4830,4930
4830,4730
4831,4832
4831,4830
4831,4931
4831,4731
4832,4833
4832,4831
4832,4932
4832,4732
4833,4834
4833,4832
4833,4933
4833,4733
4834,4835
4834,4833
4834,4934
4834,4734
4835,4836
4835,4834
4835,4935
4835,4735
4836,4837
4836,4835
4836,4936
4836,4736
4837,4838
4837,4836
4837,4937
4837,4737
4838,4839
4838,4837
4838,4938
4838,4738
4839,4840
4839,4838
4839,4939
4839,4739
4840,4841
4840,4839
4840,4940
4840,4740
4841,4842
4841,4840
4841,4941
4841,4741
4842,4843
4842,4841
4842,4942
4842,4742
4843,4844
4843,4842
4843,4943
4843,4743
4844,4845
4844,4843
4844,4944
4844,4744
4845,4846
4845,4844
4845,4945
4845,4745
4846,4847
4846,4845
4846,4946
4846,4746
4847,4848
4847,4846
4847,4947
4847,4747
4848,4849
4848,4847
4848,4948
4848,4748
4849,4850
4849,4848
4849,4949
4849,4749
4850,4851
4850,4849
4850,4950
4850,4750
4851,4852
4851,4850
4851,4951
4851,4751
4852,4853
4852,4851
4852,4952
4852,4752
4853,4854
4853,4852
4853,4953
4853,4753
4854,4855
4854,4853
4854,4954
4854,4754
4855,4856
4855,4854
4855,4955
4855,4755
4856,4857
4856,4855
4856,4956
4856,4756
4857,4858
4857,4856
4857,4957
4857,4757
4858,4859
4858,4857
4858,4958
4858,4758
4859,4860
4859,4858
4859,4959
4859,4759
4860,4861
4860,4859
4860,4960
4860,4760
4861,4862
4861,4860
4861,4961
4861,4761
4862,4863
4862,4861
4862,4962
4862,4762
4863,4864
4863,4862
4863,4963
4863,4763
4864,4865
4864,4863
4864,4964
4864,4764
4865,4866
4865,4864
4865,4965
4865,4765
4866,4867
4866,4865
4866,4966
4866,4766
4867,4868
4867,4866
4867,4967
4867,4767
4868,4869
4868,4867
4868,4968
4868,4768
4869,4870
4869,4868
4869,4969
4869,4769
4870,4871
4870,4869
4870,4970
4870,4770
4871,4872
4871,4870
4871,4971
4871,4771
4872,4873
4872,4871
4872,4972
4872,4772
4873,4874
4873,4872
4873,4973
4873,4773
4874,4875
4874,4873
4874,4974
4874,4774
4875,4876
4875,4874
4875,4975
4875,4775
4876,4877
4876,4875
4876,4976
4876,4776
4877,4878
4877,4876
4877,4977
4877,4777
4878,4879
4878,4877
4878,4978
4878,4778
4879,4880
4879,4878
4879,4979
4879,4779
4880,4881
4880,4879
4880,4980
4880,4780
4881,4882
4881,4880
4881,4981
4881,4781
4882,4883
4882,4881
4882,4982
4882,4782
4883,4884
4883,4882
4883,4983
4883,4783
4884,4885
4884,4883
4884,4984
4884,4784
4885,4886
4885,4884
4885,4985
4885,4785
4886,4887
4886,4885
4886,4986
4886,4786
4887,4888
4887,4886
4887,4987
4887,4787
4888,4889
4888,4887
4888,4988
4888,4788
4889,4890
4889,4888
4889,4989
4889,4789
4890,4891
4890,4889
4890,4990
4890,4790
4891,4892
4891,4890
4891,4991
4891,4791
4892,4893
4892,4891
4892,4992
4892,4792
4893,4894
4893,4892
4893,4993
4893,4793
4894,4895
4894,4893
4894,4994
4894,4794
4895,4896
4895,4894
4895,4995
4895,4795
4896,4897
4896,4895
4896,4996
4896,4796
4897,4898
4897,4896
4897,4997
4897,4797
4898,4899
4898,4897
4898,4998
4898,4798
4899,4900
4899,4898
4899,4999
4899,4799
4900,4899
4900,5000
4900,4800
4901,4902
4901,5001
4901,4801
4902,4903
4902,4901
4902,5002
4902,4802
4903,4904
4903,4902
4903,5003
4903,4803
4904,4905
4904,4903
4904,5004
4904,4804
4905,4906
4905,4904
4905,5005
4905,4805
4906,4907
4906,4905
4906,5006
4906,4806
4907,4908
4907,4906
4907,5007
4907,4807
4908,4909
4908,4907
4908,5008
4908,4808
4909,4910
4909,4908
4909,5009
4909,4809
4910,4911
4910,4909
4910,5010
4910,4810
4911,4912
4911,4910
4911,5011
4911,4811
4912,4913
4912,4911
4912,5012
4912,4812
4913,4914
4913,4912
4913,5013
4913,4813
4914,4915
4914,4913
4914,5014
4914,4814
4915,4916
4915,4914
4915,5015
4915,4815
4916,4917
4916,4915
4916,5016
4916,4816
4917,4918
4917,4916
4917,5017
4917,4817
4918,4919
4918,4917
4918,5018
4918,4818
4919,4920
4919,4918
4919,5019
4919,4819
4920,4921
4920,4919
4920,5020
4920,4820
4921,4922
4921,4920
4921,5021
4921,4821
4922,4923
4922,4921
4922,5022
4922,4822
4923,4924
4923,4922
4923,5023
4923,4823
4924,4925
4924,4923
4924,5024
4924,4824
4925,4926
4925,4924
4925,5025
4925,4825
4926,4927
4926,4925
4926,5026
4926,4826
4927,4928
4927,4926
4927,5027
4927,4827
4928,4929
4928,4927
4928,5028
4928,4828
4929,4930
4929,4928
4929,5029
4929,4829
4930,4931
4930,4929
4930,5030
4930,4830
4931,4932
4931,4930
4931,5031
4931,4831
4932,4933
4932,4931
4932,5032
4932,4832
4933,4934
4933,4932
4933,5033
4933,4833
4934,4935
4934,4933
4934,5034
4934,4834
4935,4936
4935,4934
4935,5035
4935,4835
4936,4937
4936,4935
4936,5036
4936,4836
4937,4938
4937,4936
4937,5037
4937,4837
4938,4939
4938,4937
4938,5038
4938,4838
4939,4940
4939,4938
4939,5039
4939,4839
4940,4941
4940,4939
4940,5040
4940,4840
4941,4942
4941,4940
4941,5041
4941,4841
4942,4943
4942,4941
4942,5042
4942,4842
4943,4944
4943,4942
4943,5043
4943,4843
4944,4945
4944,4943
4944,5044
4944,4844
4945,4946
4945,4944
4945,5045
4945,4845
4946,4947
4946,4945
4946,5046
4946,4846
4947,4948
4947,4946
4947,5047
4947,4847
4948,4949
4948,4947
4948,5048
4948,4848
4949,4950
4949,4948
4949,5049
4949,4849
4950,4951
4950,4949
4950,5050
4950,4850
4951,4952
4951,4950
4951,5051
4951,4851
4952,4953
4952,4951
4952,5052
4952,4852
4953,4954
4953,4952
4953,5053
4953,4853
4954,4955
4954,4953
4954,5054
4954,4854
4955,4956
4955,4954
4955,5055
4955,4855
4956,4957
4956,4955
4956,5056
4956,4856
4957,4958
4957,4956
4957,5057
4957,4857
4958,4959
4958,4957
4958,5058
4958,4858
4959,4960
4959,4958
4959,5059
4959,4859
4960,4961
4960,4959
4960,5060
4960,4860
4961,4962
4961,4960
4961,5061
4961,4861
4962,4963
4962,4961
4962,5062
4962,4862
4963,4964
4963,4962
4963,5063
4963,4863
4964,4965
4964,4963
4964,5064
4964,4864
4965,4966
4965,4964
4965,5065
4965,4865
4966,4967
4966,4965
4966,5066
4966,4866
4967,4968
4967,4966
4967,5067
4967,4867
4968,4969
4968,4967
4968,5068
4968,4868
4969,4970
4969,4968
4969,5069
4969,4869
4970,4971
4970,4969
4970,5070
4970,4870
4971,4972
4971,4970
4971,5071
4971,4871
4972,4973
4972,4971
4972,5072
4972,4872
4973,4974
4973,4972
4973,5073
4973,4873
4974,4975
4974,4973
4974,5074
4974,4874
4975,4976
4975,4974
4975,5075
4975,4875
4976,4977
4976,4975
4976,5076
4976,4876
4977,4978
4977,4976
4977,5077
4977,4877
4978,4979
4978,4977
4978,5078
4978,4878
4979,4980
4979,4978
4979,5079
4979,4879
4980,4981
4980,4979
4980,5080
4980,4880
4981,4982
4981,4980
4981,5081
4981,4881
4982,4983
4982,4981
4982,5082
4982,4882
4983,4984
4983,4982
4983,5083
4983,4883
4984,4985
4984,4983
4984,5084
4984,4884
4985,4986
4985,4984
4985,5085
4985,4885
4986,4987
4986,4985
4986,5086
4986,4886
4987,4988
4987,4986
4987,5087
4987,4887
4988,4989
4988,4987
4988,5088
4988,4888
4989,4990
4989,4988
4989,5089
4989,4889
4990,4991
4990,4989
4990,5090
4990,4890
4991,4992
4991,4990
4991,5091
4991,4891
4992,4993
4992,4991
4992,5092
4992,4892
4993,4994
4993,4992
4993,5093
4993,4893
4994,4995
4994,4993
4994,5094
4994,4894
4995,4996
4995,4994
4995,5095
4995,4895
4996,4997
4996,4995
4996,5096
4996,4896
4997,4998
4997,4996
4997,5097
4997,4897
4998,4999
4998,4997
4998,5098
4998,4898
4999,5000
4999,4998
4999,5099
4999,4899
5000,4999
5000,5100
5000,4900
5001,5002
5001,5101
5001,4901
5002,5003
5002,5001
5002,5102
5002,4902
5003,5004
5003,5002
5003,5103
5003,4903
5004,5005
5004,5003
5004,5104
5004,4904
5005,5006
5005,5004
5005,5105
5005,4905
5006,5007
5006,5005
5006,5106
5006,4906
5007,5008
5007,5006
5007,5107
5007,4907
5008,5009
5008,5007
5008,5108
5008,4908
5009,5010
5009,5008
5009,5109
5009,4909
5010,5011
5010,5009
5010,5110
5010,4910
5011,5012
5011,5010
5011,5111
5011,4911
5012,5013
5012,5011
5012,5112
5012,4912
5013,5014
5013,5012
5013,5113
5013,4913
5014,5015
5014,5013
5014,5114
5014,4914
5015,5016
5015,5014
5015,5115
5015,4915
5016,5017
5016,5015
5016,5116
5016,4916
5017,5018
5017,5016
5017,5117
5017,4917
5018,5019
5018,5017
5018,5118
5018,4918
5019,5020
5019,5018
5019,5119
5019,4919
5020,5021
5020,5019
5020,5120
5020,4920
5021,5022
5021,5020
5021,5121
5021,4921
5022,5023
5022,5021
5022,5122
5022,4922
5023,5024
5023,5022
5023,5123
5023,4923
5024,5025
5024,5023
5024,5124
5024,4924
5025,5026
5025,5024
5025,5125
5025,4925
5026,5027
5026,5025
5026,5126
5026,4926
5027,5028
5027,5026
5027,5127
5027,4927
5028,5029
5028,5027
5028,5128
5028,4928
5029,5030
5029,5028
5029,5129
5029,4929
5030,5031
5030,5029
5030,5130
5030,4930
5031,5032
5031,5030
5031,5131
5031,4931
5032,5033
5032,5031
5032,5132
5032,4932
5033,5034
5033,5032
5033,5133
5033,4933
5034,5035
5034,5033
5034,5134
5034,4934
5035,5036
5035,5034
5035,5135
5035,4935
5036,5037
5036,5035
5036,5136
5036,4936
5037,5038
5037,5036
5037,5137
5037,4937
5038,5039
5038,5037
5038,5138
5038,4938
5039,5040
5039,5038
5039,5139
5039,4939
5040,5041
5040,5039
5040,5140
5040,4940
5041,5042
5041,5040
5041,5141
5041,4941
5042,5043
5042,5041
5042,5142
5042,4942
5043,5044
5043,5042
5043,5143
5043,4943
5044,5045
5044,5043
5044,5144
5044,4944
5045,5046
5045,5044
5045,5145
5045,4945
5046,5047
5046,5045
5046,5146
5046,4946
5047,5048
5047,5046
5047,5147
5047,4947
5048,5049
5048,5047
5048,5148
5048,4948
5049,5050
5049,5048
5049,5149
5049,4949
5050,5051
5050,5049
5050,5150
5050,4950
5051,5052
5051,5050
5051,5151
5051,4951
5052,5053
5052,5051
5052,5152
5052,4952
5053,5054
5053,5052
5053,5153
5053,4953
5054,5055
5054,5053
5054,5154
5054,4954
5055,5056
5055,5054
5055,5155
5055,4955
5056,5057
5056,5055
5056,5156
5056,4956
5057,5058
5057,5056
5057,5157
5057,4957
5058,5059
5058,5057
5058,5158
5058,4958
5059,5060
5059,5058
5059,5159
5059,4959
5060,5061
5060,5059
5060,5160
5060,4960
5061,5062
5061,5060
5061,5161
5061,4961
5062,5063
5062,5061
5062,5162
5062,4962
5063,5064
5063,5062
5063,5163
5063,4963
5064,5065
5064,5063
5064,5164
5064,4964
5065,5066
5065,5064
5065,5165
5065,4965
5066,5067
5066,5065
5066,5166
5066,4966
5067,5068
5067,5066
5067,5167
5067,4967
5068,5069
5068,5067
5068,5168
5068,4968
5069,5070
5069,5068
5069,5169
5069,4969
5070,5071
5070,5069
5070,5170
5070,4970
5071,5072
5071,5070
5071,5171
5071,4971
5072,5073
5072,5071
5072,5172
5072,4972
5073,5074
5073,5072
5073,5173
5073,4973
5074,5075
5074,5073
5074,5174
5074,4974
5075,5076
5075,5074
5075,5175
5075,4975
5076,5077
5076,5075
5076,5176
5076,4976
5077,5078
5077,5076
5077,5177
5077,4977
5078,5079
5078,5077
5078,5178
5078,4978
5079,5080
5079,5078
5079,5179
5079,4979
5080,5081
5080,5079
5080,5180
5080,4980
5081,5082
5081,5080
5081,5181
5081,4981
5082,5083
5082,5081
5082,5182
5082,4982
5083,5084
5083,5082
5083,5183
5083,4983
5084,5085
5084,5083
5084,5184
5084,4984
5085,5086
5085,5084
5085,5185
5085,4985
5086,5087
5086,5085
5086,5186
5086,4986
5087,5088
5087,5086
5087,5187
5087,4987
5088,5089
5088,5087
5088,5188
5088,4988
5089,5090
5089,5088
5089,5189
5089,4989
5090,5091
5090,5089
5090,5190
5090,4990
5091,5092
5091,5090
5091,5191
5091,4991
5092,5093
5092,5091
5092,5192
5092,4992
5093,5094
5093,5092
5093,5193
5093,4993
5094,5095
5094,5093
5094,5194
5094,4994
5095,5096
5095,5094
5095,5195
5095,4995
5096,5097
5096,5095
5096,5196
5096,4996
5097,5098
5097,5096
5097,5197
5097,4997
5098,5099
5098,5097
5098,5198
5098,4998
5099,5100
5099,5098
5099,5199
5099,4999
5100,5099
5100,5200
5100,5000
5101,5102
5101,5201
5101,5001
5102,5103
5102,5101
5102,5202
5102,5002
5103,5104
5103,5102
5103,5203
5103,5003
5104,5105
5104,5103
5104,5204
5104,5004
5105,5106
5105,5104
5105,5205
5105,5005
5106,5107
5106,5105
5106,5206
5106,5006
5107,5108
5107,5106
5107,5207
5107,5007
5108,5109
5108,5107
5108,5208
5108,5008
5109,5110
5109,5108
5109,5209
5109,5009
5110,5111
5110,5109
5110,5210
5110,5010
5111,5112
5111,5110
5111,5211
5111,5011
5112,5113
5112,5111
5112,5212
5112,5012
5113,5114
5113,5112
5113,5213
5113,5013
5114,5115
5114,5113
5114,5214
5114,5014
5115,5116
5115,5114
5115,5215
5115,5015
5116,5117
5116,5115
5116,5216
5116,5016
5117,5118
5117,5116
5117,5217
5117,5017
5118,5119
5118,5117
5118,5218
5118,5018
5119,5120
5119,5118
5119,5219
5119,5019
5120,5121
5120,5119
5120,5220
5120,5020
5121,5122
5121,5120
5121,5221
5121,5021
5122,5123
5122,5121
5122,5222
5122,5022
5123,5124
5123,5122
5123,5223
5123,5023
5124,5125
5124,5123
5124,5224
5124,5024
5125,5126
5125,5124
5125,5225
5125,5025
5126,5127
5126,5125
5126,5226
5126,5026
5127,5128
5127,5126
5127,5227
5127,5027
5128,5129
5128,5127
5128,5228
5128,5028
5129,5130
5129,5128
5129,5229
5129,5029
5130,5131
5130,5129
5130,5230
5130,5030
5131,5132
5131,5130
5131,5231
5131,5031
5132,5133
5132,5131
5132,5232
5132,5032
5133,5134
5133,5132
5133,5233
5133,5033
5134,5135
5134,5133
5134,5234
5134,5034
5135,5136
5135,5134
5135,5235
5135,5035
5136,5137
5136,5135
5136,5236
5136,5036
5137,5138
5137,5136
5137,5237
5137,5037
5138,5139
5138,5137
5138,5238
5138,5038
5139,5140
5139,5138
5139,5239
5139,5039
5140,5141
5140,5139
5140,5240
5140,5040
5141,5142
5141,5140
5141,5241
5141,5041
5142,5143
5142,5141
5142,5242
5142,5042
5143,5144
5143,5142
5143,5243
5143,5043
5144,5145
5144,5143
5144,5244
5144,5044
5145,5146
5145,5144
5145,5245
5145,5045
5146,5147
5146,5145
5146,5246
5146,5046
5147,5148
5147,5146
5147,5247
5147,5047
5148,5149
5148,5147
5148,5248
5148,5048
5149,5150
5149,5148
5149,5249
5149,5049
5150,5151
5150,5149
5150,5250
5150,5050
5151,5152
5151,5150
5151,5251
5151,5051
5152,5153
5152,5151
5152,5252
5152,5052
5153,5154
5153,5152
5153,5253
5153,5053
5154,5155
5154,5153
5154,5254
5154,5054
5155,5156
5155,5154
5155,5255
5155,5055
5156,5157
5156,5155
5156,5256
5156,5056
5157,5158
5157,5156
5157,5257
5157,5057
5158,5159
5158,5157
5158,5258
5158,5058
5159,5160
5159,5158
5159,5259
5159,5059
5160,5161
5160,5159
5160,5260
5160,5060
5161,5162
5161,5160
5161,5261
5161,5061
5162,5163
5162,5161
5162,5262
5162,5062
5163,5164
5163,5162
5163,5263
5163,5063
5164,5165
5164,5163
5164,5264
5164,5064
5165,5166
5165,5164
5165,5265
5165,5065
5166,5167
5166,5165
5166,5266
5166,5066
5167,5168
5167,5166
5167,5267
5167,5067
5168,5169
5168,5167
5168,5268
5168,5068
5169,5170
5169,5168
5169,5269
5169,5069
5170,5171
5170,5169
5170,5270
5170,5070
5171,5172
5171,5170
5171,5271
5171,5071
5172,5173
5172,5171
5172,5272
5172,5072
5173,5174
5173,5172
5173,5273
5173,5073
5174,5175
5174,5173
5174,5274
5174,5074
5175,5176
5175,5174
5175,5275
5175,5075
5176,5177
5176,5175
5176,5276
5176,5076
5177,5178
5177,5176
5177,5277
5177,5077
5178,5179
5178,5177
5178,5278
5178,5078
5179,5180
5179,5178
5179,5279
5179,5079
5180,5181
5180,5179
5180,5280
5180,5080
5181,5182
5181,5180
5181,5281
5181,5081
5182,5183
5182,5181
5182,5282
5182,5082
5183,5184
5183,5182
5183,5283
5183,5083
5184,5185
5184,5183
5184,5284
5184,5084
5185,5186
5185,5184
5185,5285
5185,5085
5186,5187
5186,5185
5186,5286
5186,5086
5187,5188
5187,5186
5187,5287
5187,5087
5188,5189
5188,5187
5188,5288
5188,5088
5189,5190
5189,5188
5189,5289
5189,5089
5190,5191
5190,5189
5190,5290
5190,5090
5191,5192
5191,5190
5191,5291
5191,5091
5192,5193
5192,5191
5192,5292
5192,5092
5193,5194
5193,5192
5193,5293
5193,5093
5194,5195
5194,5193
5194,5294
5194,5094
5195,5196
5195,5194
5195,5295
5195,5095
5196,5197
5196,5195
5196,5296
5196,5096
5197,5198
5197,5196
5197,5297
5197,5097
5198,5199
5198,5197
5198,5298
5198,5098
5199,5200
5199,5198
5199,5299
5199,5099
5200,5199
5200,5300
5200,5100
5201,5202
5201,5301
5201,5101
5202,5203
5202,5201
5202,5302
5202,5102
5203,5204
5203,5202
5203,5303
5203,5103
5204,5205
5204,5203
5204,5304
5204,5104
5205,5206
5205,5204
5205,5305
5205,5105
5206,5207
5206,5205
5206,5306
5206,5106
5207,5208
5207,5206
5207,5307
5207,5107
5208,5209
5208,5207
5208,5308
5208,5108
5209,5210
5209,5208
5209,5309
5209,5109
5210,5211
5210,5209
5210,5310
5210,5110
5211,5212
5211,5210
5211,5311
5211,5111
5212,5213
5212,5211
5212,5312
5212,5112
5213,5214
5213,5212
5213,5313
5213,5113
5214,5215
5214,5213
5214,5314
5214,5114
5215,5216
5215,5214
5215,5315
5215,5115
5216,5217
5216,5215
5216,5316
5216,5116
5217,5218
5217,5216
5217,5317
5217,5117
5218,5219
5218,5217
5218,5318
5218,5118
5219,5220
5219,5218
5219,5319
5219,5119
5220,5221
5220,5219
5220,5320
5220,5120
5221,5222
5221,5220
5221,5321
5221,5121
5222,5223
5222,5221
5222,5322
5222,5122
5223,5224
5223,5222
5223,5323
5223,5123
5224,5225
5224,5223
5224,5324
5224,5124
5225,5226
5225,5224
5225,5325
5225,5125
5226,5227
5226,5225
5226,5326
5226,5126
5227,5228
5227,5226
5227,5327
5227,5127
5228,5229
5228,5227
5228,5328
5228,5128
5229,5230
5229,5228
5229,5329
5229,5129
5230,5231
5230,5229
5230,5330
5230,5130
5231,5232
5231,5230
5231,5331
5231,5131
5232,5233
5232,5231
5232,5332
5232,5132
5233,5234
5233,5232
5233,5333
5233,5133
5234,5235
5234,5233
5234,5334
5234,5134
5235,5236
5235,5234
5235,5335
5235,5135
5236,5237
5236,5235
5236,5336
5236,5136
5237,5238
5237,5236
5237,5337
5237,5137
5238,5239
5238,5237
5238,5338
5238,5138
5239,5240
5239,5238
5239,5339
5239,5139
5240,5241
5240,5239
5240,5340
5240,5140
5241,5242
5241,5240
5241,5341
5241,5141
5242,5243
5242,5241
5242,5342
5242,5142
5243,5244
5243,5242
5243,5343
5243,5143
5244,5245
5244,5243
5244,5344
5244,5144
5245,5246
5245,5244
5245,5345
5245,5145
5246,5247
5246,5245
5246,5346
5246,5146
5247,5248
5247,5246
5247,5347
5247,5147
5248,5249
5248,5247
5248,5348
5248,5148
5249,5250
5249,5248
5249,5349
5249,5149
5250,5251
5250,5249
5250,5350
5250,5150
5251,5252
5251,5250
5251,5351
5251,5151
5252,5253
5252,5251
5252,5352
5252,5152
5253,5254
5253,5252
5253,5353
5253,5153
5254,5255
5254,5253
5254,5354
5254,5154
5255,5256
5255,5254
5255,5355
5255,5155
5256,5257
5256,5255
5256,5356
5256,5156
5257,5258
5257,5256
5257,5357
5257,5157
5258,5259
5258,5257
5258,5358
5258,5158
5259,5260
5259,5258
5259,5359
5259,5159
5260,5261
5260,5259
5260,5360
5260,5160
5261,5262
5261,5260
5261,5361
5261,5161
5262,5263
5262,5261
5262,5362
5262,5162
5263,5264
5263,5262
5263,5363
5263,5163
5264,5265
5264,5263
5264,5364
5264,5164
5265,5266
5265,5264
5265,5365
5265,5165
5266,5267
5266,5265
5266,5366
5266,5166
5267,5268
5267,5266
5267,5367
5267,5167
5268,5269
5268,5267
5268,5368
5268,5168
5269,5270
5269,5268
5269,5369
5269,5169
5270,5271
5270,5269
5270,5370
5270,5170
5271,5272
5271,5270
5271,5371
5271,5171
5272,5273
5272,5271
5272,5372
5272,5172
5273,5274
5273,5272
5273,5373
5273,5173
5274,5275
5274,5273
5274,5374
5274,5174
5275,5276
5275,5274
5275,5375
5275,5175
5276,5277
5276,5275
5276,5376
5276,5176
5277,5278
5277,5276
5277,5377
5277,5177
5278,5279
5278,5277
5278,5378
5278,5178
5279,5280
5279,5278
5279,5379
5279,5179
5280,5281
5280,5279
5280,5380
5280,5180
5281,5282
5281,5280
5281,5381
5281,5181
5282,5283
5282,5281
5282,5382
5282,5182
5283,5284
5283,5282
5283,5383
5283,5183
5284,5285
5284,5283
5284,5384
5284,5184
5285,5286
5285,5284
5285,5385
5285,5185
5286,5287
5286,5285
5286,5386
5286,5186
5287,5288
5287,5286
5287,5387
5287,5187
5288,5289
5288,5287
5288,5388
5288,5188
5289,5290
5289,5288
5289,5389
5289,5189
5290,5291
5290,5289
5290,5390
5290,5190
5291,5292
5291,5290
5291,5391
5291,5191
5292,5293
5292,5291
5292,5392
5292,5192
5293,5294
5293,5292
5293,5393
5293,5193
5294,5295
5294,5293
5294,5394
5294,5194
5295,5296
5295,5294
5295,5395
5295,5195
5296,5297
5296,5295
5296,5396
5296,5196
5297,5298
5297,5296
5297,5397
5297,5197
5298,5299
5298,5297
5298,5398
5298,5198
5299,5300
5299,5298
5299,5399
5299,5199
5300,5299
5300,5400
5300,5200
5301,5302
5301,5401
5301,5201
5302,5303
5302,5301
5302,5402
5302,5202
5303,5304
5303,5302
5303,5403
5303,5203
5304,5305
5304,5303
5304,5404
5304,5204
5305,5306
5305,5304
5305,5405
5305,5205
5306,5307
5306,5305
5306,5406
5306,5206
5307,5308
5307,5306
5307,5407
5307,5207
5308,5309
5308,5307
5308,5408
5308,5208
5309,5310
5309,5308
5309,5409
5309,5209
5310,5311
5310,5309
5310,5410
5310,5210
5311,5312
5311,5310
5311,5411
5311,5211
5312,5313
5312,5311
5312,5412
5312,5212
5313,5314
5313,5312
5313,5413
5313,5213
5314,5315
5314,5313
5314,5414
5314,5214
5315,5316
5315,5314
5315,5415
5315,5215
5316,5317
5316,5315
5316,5416
5316,5216
5317,5318
5317,5316
5317,5417
5317,5217
5318,5319
5318,5317
5318,5418
5318,5218
5319,5320
5319,5318
5319,5419
5319,5219
5320,5321
5320,5319
5320,5420
5320,5220
5321,5322
5321,5320
5321,5421
5321,5221
5322,5323
5322,5321
5322,5422
5322,5222
5323,5324
5323,5322
5323,5423
5323,5223
5324,5325
5324,5323
5324,5424
5324,5224
5325,5326
5325,5324
5325,5425
5325,5225
5326,5327
5326,5325
5326,5426
5326,5226
5327,5328
5327,5326
5327,5427
5327,5227
5328,5329
5328,5327
5328,5428
5328,5228
5329,5330
5329,5328
5329,5429
5329,5229
5330,5331
5330,5329
5330,5430
5330,5230
5331,5332
5331,5330
5331,5431
5331,5231
5332,5333
5332,5331
5332,5432
5332,5232
5333,5334
5333,5332
5333,5433
5333,5233
5334,5335
5334,5333
5334,5434
5334,5234
5335,5336
5335,5334
5335,5435
5335,5235
5336,5337
5336,5335
5336,5436
5336,5236
5337,5338
5337,5336
5337,5437
5337,5237
5338,5339
5338,5337
5338,5438
5338,5238
5339,5340
5339,5338
5339,5439
5339,5239
5340,5341
5340,5339
5340,5440
5340,5240
5341,5342
5341,5340
5341,5441
5341,5241
5342,5343
5342,5341
5342,5442
5342,5242
5343,5344
5343,5342
5343,5443
5343,5243
5344,5345
5344,5343
5344,5444
5344,5244
5345,5346
5345,5344
5345,5445
5345,5245
5346,5347
5346,5345
5346,5446
5346,5246
5347,5348
5347,5346
5347,5447
5347,5247
5348,5349
5348,5347
5348,5448
5348,5248
5349,5350
5349,5348
5349,5449
5349,5249
5350,5351
5350,5349
5350,5450
5350,5250
5351,5352
5351,5350
5351,5451
5351,5251
5352,5353
5352,5351
5352,5452
5352,5252
5353,5354
5353,5352
5353,5453
5353,5253
5354,5355
5354,5353
5354,5454
5354,5254
5355,5356
5355,5354
5355,5455
5355,5255
5356,5357
5356,5355
5356,5456
5356,5256
5357,5358
5357,5356
5357,5457
5357,5257
5358,5359
5358,5357
5358,5458
5358,5258
5359,5360
5359,5358
5359,5459
5359,5259
5360,5361
5360,5359
5360,5460
5360,5260
5361,5362
5361,5360
5361,5461
5361,5261
5362,5363
5362,5361
5362,5462
5362,5262
5363,5364
5363,5362
5363,5463
5363,5263
5364,5365
5364,5363
5364,5464
5364,5264
5365,5366
5365,5364
5365,5465
5365,5265
5366,5367
5366,5365
5366,5466
5366,5266
5367,5368
5367,5366
5367,5467
5367,5267
5368,5369
5368,5367
5368,5468
5368,5268
5369,5370
5369,5368
5369,5469
5369,5269
5370,5371
5370,5369
5370,5470
5370,5270
5371,5372
5371,5370
5371,5471
5371,5271
5372,5373
5372,5371
5372,5472
5372,5272
5373,5374
5373,5372
5373,5473
5373,5273
5374,5375
5374,5373
5374,5474
5374,5274
5375,5376
5375,5374
5375,5475
5375,5275
5376,5377
5376,5375
5376,5476
5376,5276
5377,5378
5377,5376
5377,5477
5377,5277
5378,5379
5378,5377
5378,5478
5378,5278
5379,5380
5379,5378
5379,5479
5379,5279
5380,5381
5380,5379
5380,5480
5380,5280
5381,5382
5381,5380
5381,5481
5381,5281
5382,5383
5382,5381
5382,5482
5382,5282
5383,5384
5383,5382
5383,5483
5383,5283
5384,5385
5384,5383
5384,5484
5384,5284
5385,5386
5385,5384
5385,5485
5385,5285
5386,5387
5386,5385
5386,5486
5386,5286
5387,5388
5387,5386
5387,5487
5387,5287
5388,5389
5388,5387
5388,5488
5388,5288
5389,5390
5389,5388
5389,5489
5389,5289
5390,5391
5390,5389
5390,5490
5390,5290
5391,5392
5391,5390
5391,5491
5391,5291
5392,5393
5392,5391
5392,5492
5392,5292
5393,5394
5393,5392
5393,5493
5393,5293
5394,5395
5394,5393
5394,5494
5394,5294
5395,5396
5395,5394
5395,5495
5395,5295
5396,5397
5396,5395
5396,5496
5396,5296
5397,5398
5397,5396
5397,5497
5397,5297
5398,5399
5398,5397
5398,5498
5398,5298
5399,5400
5399,5398
5399,5499
5399,5299
5400,5399
5400,5500
5400,5300
5401,5402
5401,5501
5401,5301
5402,5403
5402,5401
5402,5502
5402,5302
5403,5404
5403,5402
5403,5503
5403,5303
5404,5405
5404,5403
5404,5504
5404,5304
5405,5406
5405,5404
5405,5505
5405,5305
5406,5407
5406,5405
5406,5506
5406,5306
5407,5408
5407,5406
5407,5507
5407,5307
5408,5409
5408,5407
5408,5508
5408,5308
5409,5410
5409,5408
5409,5509
5409,5309
5410,5411
5410,5409
5410,5510
5410,5310
5411,5412
5411,5410
5411,5511
5411,5311
5412,5413
5412,5411
5412,5512
5412,5312
5413,5414
5413,5412
5413,5513
5413,5313
5414,5415
5414,5413
5414,5514
5414,5314
5415,5416
5415,5414
5415,5515
5415,5315
5416,5417
5416,5415
5416,5516
5416,5316
5417,5418
5417,5416
5417,5517
5417,5317
5418,5419
5418,5417
5418,5518
5418,5318
5419,5420
5419,5418
5419,5519
5419,5319
5420,5421
5420,5419
5420,5520
5420,5320
5421,5422
5421,5420
5421,5521
5421,5321
5422,5423
5422,5421
5422,5522
5422,5322
5423,5424
5423,5422
5423,5523
5423,5323
5424,5425
5424,5423
5424,5524
5424,5324
5425,5426
5425,5424
5425,5525
5425,5325
5426,5427
5426,5425
5426,5526
5426,5326
5427,5428
5427,5426
5427,5527
5427,5327
5428,5429
5428,5427
5428,5528
5428,5328
5429,5430
5429,5428
5429,5529
5429,5329
5430,5431
5430,5429
5430,5530
5430,5330
5431,5432
5431,5430
5431,5531
5431,5331
5432,5433
5432,5431
5432,5532
5432,5332
5433,5434
5433,5432
5433,5533
5433,5333
5434,5435
5434,5433
5434,5534
5434,5334
5435,5436
5435,5434
5435,5535
5435,5335
5436,5437
5436,5435
5436,5536
5436,5336
5437,5438
5437,5436
5437,5537
5437,5337
5438,5439
5438,5437
5438,5538
5438,5338
5439,5440
5439,5438
5439,5539
5439,5339
5440,5441
5440,5439
5440,5540
5440,5340
5441,5442
5441,5440
5441,5541
5441,5341
5442,5443
5442,5441
5442,5542
5442,5342
5443,5444
5443,5442
5443,5543
5443,5343
5444,5445
5444,5443
5444,5544
5444,5344
5445,5446
5445,5444
5445,5545
5445,5345
5446,5447
5446,5445
5446,5546
5446,5346
5447,5448
5447,5446
5447,5547
5447,5347
5448,5449
5448,5447
5448,5548
5448,5348
5449,5450
5449,5448
5449,5549
5449,5349
5450,5451
5450,5449
5450,5550
5450,5350
5451,5452
5451,5450
5451,5551
5451,5351
5452,5453
5452,5451
5452,5552
5452,5352
5453,5454
5453,5452
5453,5553
5453,5353
5454,5455
5454,5453
5454,5554
5454,5354
5455,5456
5455,5454
5455,5555
5455,5355
5456,5457
5456,5455
5456,5556
5456,5356
5457,5458
5457,5456
5457,5557
5457,5357
5458,5459
5458,5457
5458,5558
5458,5358
5459,5460
5459,5458
5459,5559
5459,5359
5460,5461
5460,5459
5460,5560
5460,5360
5461,5462
5461,5460
5461,5561
5461,5361
5462,5463
5462,5461
5462,5562
5462,5362
5463,5464
5463,5462
5463,5563
5463,5363
5464,5465
5464,5463
5464,5564
5464,5364
5465,5466
5465,5464
5465,5565
5465,5365
5466,5467
5466,5465
5466,5566
5466,5366
5467,5468
5467,5466
5467,5567
5467,5367
5468,5469
5468,5467
5468,5568
5468,5368
5469,5470
5469,5468
5469,5569
5469,5369
5470,5471
5470,5469
5470,5570
5470,5370
5471,5472
5471,5470
5471,5571
5471,5371
5472,5473
5472,5471
5472,5572
5472,5372
5473,5474
5473,5472
5473,5573
5473,5373
5474,5475
5474,5473
5474,5574
5474,5374
5475,5476
5475,5474
5475,5575
5475,5375
5476,5477
5476,5475
5476,5576
5476,5376
5477,5478
5477,5476
5477,5577
5477,5377
5478,5479
5478,5477
5478,5578
5478,5378
5479,5480
5479,5478
5479,5579
5479,5379
5480,5481
5480,5479
5480,5580
5480,5380
5481,5482
5481,5480
5481,5581
5481,5381
5482,5483
5482,5481
5482,5582
5482,5382
5483,5484
5483,5482
5483,5583
5483,5383
5484,5485
5484,5483
5484,5584
5484,5384
5485,5486
5485,5484
5485,5585
5485,5385
5486,5487
5486,5485
5486,5586
5486,5386
5487,5488
5487,5486
5487,5587
5487,5387
5488,5489
5488,5487
5488,5588
5488,5388
5489,5490
5489,5488
5489,5589
5489,5389
5490,5491
5490,5489
5490,5590
5490,5390
5491,5492
5491,5490
5491,5591
5491,5391
5492,5493
5492,5491
5492,5592
5492,5392
5493,5494
5493,5492
5493,5593
5493,5393
5494,5495
5494,5493
5494,5594
5494,5394
5495,5496
5495,5494
5495,5595
5495,5395
5496,5497
5496,5495
5496,5596
5496,5396
5497,5498
5497,5496
5497,5597
5497,5397
5498,5499
5498,5497
5498,5598
5498,5398
5499,5500
5499,5498
5499,5599
5499,5399
5500,5499
5500,5600
5500,5400
5501,5502
5501,5601
5501,5401
5502,5503
5502,5501
5502,5602
5502,5402
5503,5504
5503,5502
5503,5603
5503,5403
5504,5505
5504,5503
5504,5604
5504,5404
5505,5506
5505,5504
5505,5605
5505,5405
5506,5507
5506,5505
5506,5606
5506,5406
5507,5508
5507,5506
5507,5607
5507,5407
5508,5509
5508,5507
5508,5608
5508,5408
5509,5510
5509,5508
5509,5609
5509,5409
5510,5511
5510,5509
5510,5610
5510,5410
5511,5512
5511,5510
5511,5611
5511,5411
5512,5513
5512,5511
5512,5612
5512,5412
5513,5514
5513,5512
5513,5613
5513,5413
5514,5515
5514,5513
5514,5614
5514,5414
5515,5516
5515,5514
5515,5615
5515,5415
5516,5517
5516,5515
5516,5616
5516,5416
5517,5518
5517,5516
5517,5617
5517,5417
5518,5519
5518,5517
5518,5618
5518,5418
5519,5520
5519,5518
5519,5619
5519,5419
5520,5521
5520,5519
5520,5620
5520,5420
5521,5522
5521,5520
5521,5621
5521,5421
5522,5523
5522,5521
5522,5622
5522,5422
5523,5524
5523,5522
5523,5623
5523,5423
5524,5525
5524,5523
5524,5624
5524,5424
5525,5526
5525,5524
5525,5625
5525,5425
5526,5527
5526,5525
5526,5626
5526,5426
5527,5528
5527,5526
5527,5627
5527,5427
5528,5529
5528,5527
5528,5628
5528,5428
5529,5530
5529,5528
5529,5629
5529,5429
5530,5531
5530,5529
5530,5630
5530,5430
5531,5532
5531,5530
5531,5631
5531,5431
5532,5533
5532,5531
5532,5632
5532,5432
5533,5534
5533,5532
5533,5633
5533,5433
5534,5535
5534,5533
5534,5634
5534,5434
5535,5536
5535,5534
5535,5635
5535,5435
5536,5537
5536,5535
5536,5636
5536,5436
5537,5538
5537,5536
5537,5637
5537,5437
5538,5539
5538,5537
5538,5638
5538,5438
5539,5540
5539,5538
5539,5639
5539,5439
5540,5541
5540,5539
5540,5640
5540,5440
5541,5542
5541,5540
5541,5641
5541,5441
5542,5543
5542,5541
5542,5642
5542,5442
5543,5544
5543,5542
5543,5643
5543,5443
5544,5545
5544,5543
5544,5644
5544,5444
5545,5546
5545,5544
5545,5645
5545,5445
5546,5547
5546,5545
5546,5646
5546,5446
5547,5548
5547,5546
5547,5647
5547,5447
5548,5549
5548,5547
5548,5648
5548,5448
5549,5550
5549,5548
5549,5649
5549,5449
5550,5551
5550,5549
5550,5650
5550,5450
5551,5552
5551,5550
5551,5651
5551,5451
5552,5553
5552,5551
5552,5652
5552,5452
5553,5554
5553,5552
5553,5653
5553,5453
5554,5555
5554,5553
5554,5654
5554,5454
5555,5556
5555,5554
5555,5655
5555,5455
5556,5557
5556,5555
5556,5656
5556,5456
5557,5558
5557,5556
5557,5657
5557,5457
5558,5559
5558,5557
5558,5658
5558,5458
5559,5560
5559,5558
5559,5659
5559,5459
5560,5561
5560,5559
5560,5660
5560,5460
5561,5562
5561,5560
5561,5661
5561,5461
5562,5563
5562,5561
5562,5662
5562,5462
5563,5564
5563,5562
5563,5663
5563,5463
5564,5565
5564,5563
5564,5664
5564,5464
5565,5566
5565,5564
5565,5665
5565,5465
5566,5567
5566,5565
5566,5666
5566,5466
5567,5568
5567,5566
5567,5667
5567,5467
5568,5569
5568,5567
5568,5668
5568,5468
5569,5570
5569,5568
5569,5669
5569,5469
5570,5571
5570,5569
5570,5670
5570,5470
5571,5572
5571,5570
5571,5671
5571,5471
5572,5573
5572,5571
5572,5672
5572,5472
5573,5574
5573,5572
5573,5673
5573,5473
5574,5575
5574,5573
5574,5674
5574,5474
5575,5576
5575,5574
5575,5675
5575,5475
5576,5577
5576,5575
5576,5676
5576,5476
5577,5578
5577,5576
5577,5677
5577,5477
5578,5579
5578,5577
5578,5678
5578,5478
5579,5580
5579,5578
5579,5679
5579,5479
5580,5581
5580,5579
5580,5680
5580,5480
5581,5582
5581,5580
5581,5681
5581,5481
5582,5583
5582,5581
5582,5682
5582,5482
5583,5584
5583,5582
5583,5683
5583,5483
5584,5585
5584,5583
5584,5684
5584,5484
5585,5586
5585,5584
5585,5685
5585,5485
5586,5587
5586,5585
5586,5686
5586,5486
5587,5588
5587,5586
5587,5687
5587,5487
5588,5589
5588,5587
5588,5688
5588,5488
5589,5590
5589,5588
5589,5689
5589,5489
5590,5591
5590,5589
5590,5690
5590,5490
5591,5592
5591,5590
5591,5691
5591,5491
5592,5593
5592,5591
5592,5692
5592,5492
5593,5594
5593,5592
5593,5693
5593,5493
5594,5595
5594,5593
5594,5694
5594,5494
5595,5596
5595,5594
5595,5695
5595,5495
5596,5597
5596,5595
5596,5696
5596,5496
5597,5598
5597,5596
5597,5697
5597,5497
5598,5599
5598,5597
5598,5698
5598,5498
5599,5600
5599,5598
5599,5699
5599,5499
5600,5599
5600,5700
5600,5500
5601,5602
5601,5701
5601,5501
5602,5603
5602,5601
5602,5702
5602,5502
5603,5604
5603,5602
5603,5703
5603,5503
5604,5605
5604,5603
5604,5704
5604,5504
5605,5606
5605,5604
5605,5705
5605,5505
5606,5607
5606,5605
5606,5706
5606,5506
5607,5608
5607,5606
5607,5707
5607,5507
5608,5609
5608,5607
5608,5708
5608,5508
5609,5610
5609,5608
5609,5709
5609,5509
5610,5611
5610,5609
5610,5710
5610,5510
5611,5612
5611,5610
5611,5711
5611,5511
5612,5613
5612,5611
5612,5712
5612,5512
5613,5614
5613,5612
5613,5713
5613,5513
5614,5615
5614,5613
5614,5714
5614,5514
5615,5616
5615,5614
5615,5715
5615,5515
5616,5617
5616,5615
5616,5716
5616,5516
5617,5618
5617,5616
5617,5717
5617,5517
5618,5619
5618,5617
5618,5718
5618,5518
5619,5620
5619,5618
5619,5719
5619,5519
5620,5621
5620,5619
5620,5720
5620,5520
5621,5622
5621,5620
5621,5721
5621,5521
5622,5623
5622,5621
5622,5722
5622,5522
5623,5624
5623,5622
5623,5723
5623,5523
5624,5625
5624,5623
5624,5724
5624,5524
5625,5626
5625,5624
5625,5725
5625,5525
5626,5627
5626,5625
5626,5726
5626,5526
5627,5628
5627,5626
5627,5727
5627,5527
5628,5629
5628,5627
5628,5728
5628,5528
5629,5630
5629,5628
5629,5729
5629,5529
5630,5631
5630,5629
5630,5730
5630,5530
5631,5632
5631,5630
5631,5731
5631,5531
5632,5633
5632,5631
5632,5732
5632,5532
5633,5634
5633,5632
5633,5733
5633,5533
5634,5635
5634,5633
5634,5734
5634,5534
5635,5636
5635,5634
5635,5735
5635,5535
5636,5637
5636,5635
5636,5736
5636,5536
5637,5638
5637,5636
5637,5737
5637,5537
5638,5639
5638,5637
5638,5738
5638,5538
5639,5640
5639,5638
5639,5739
5639,5539
5640,5641
5640,5639
5640,5740
5640,5540
5641,5642
5641,5640
5641,5741
5641,5541
5642,5643
5642,5641
5642,5742
5642,5542
5643,5644
5643,5642
5643,5743
5643,5543
5644,5645
5644,5643
5644,5744
5644,5544
5645,5646
5645,5644
5645,5745
5645,5545
5646,5647
5646,5645
5646,5746
5646,5546
5647,5648
5647,5646
5647,5747
5647,5547
5648,5649
5648,5647
5648,5748
5648,5548
5649,5650
5649,5648
5649,5749
5649,5549
5650,5651
5650,5649
5650,5750
5650,5550
5651,5652
5651,5650
5651,5751
5651,5551
5652,5653
5652,5651
5652,5752
5652,5552
5653,5654
5653,5652
5653,5753
5653,5553
5654,5655
5654,5653
5654,5754
5654,5554
5655,5656
5655,5654
5655,5755
5655,5555
5656,5657
5656,5655
5656,5756
5656,5556
5657,5658
5657,5656
5657,5757
5657,5557
5658,5659
5658,5657
5658,5758
5658,5558
5659,5660
5659,5658
5659,5759
5659,5559
5660,5661
5660,5659
5660,5760
5660,5560
5661,5662
5661,5660
5661,5761
5661,5561
5662,5663
5662,5661
5662,5762
5662,5562
5663,5664
5663,5662
5663,5763
5663,5563
5664,5665
5664,5663
5664,5764
5664,5564
5665,5666
5665,5664
5665,5765
5665,5565
5666,5667
5666,5665
5666,5766
5666,5566
5667,5668
5667,5666
5667,5767
5667,5567
5668,5669
5668,5667
5668,5768
5668,5568
5669,5670
5669,5668
5669,5769
5669,5569
5670,5671
5670,5669
5670,5770
5670,5570
5671,5672
5671,5670
5671,5771
5671,5571
5672,5673
5672,5671
5672,5772
5672,5572
5673,5674
5673,5672
5673,5773
5673,5573
5674,5675
5674,5673
5674,5774
5674,5574
5675,5676
5675,5674
5675,5775
5675,5575
5676,5677
5676,5675
5676,5776
5676,5576
5677,5678
5677,5676
5677,5777
5677,5577
5678,5679
5678,5677
5678,5778
5678,5578
5679,5680
5679,5678
5679,5779
5679,5579
5680,5681
5680,5679
5680,5780
5680,5580
5681,5682
5681,5680
5681,5781
5681,5581
5682,5683
5682,5681
5682,5782
5682,5582
5683,5684
5683,5682
5683,5783
5683,5583
5684,5685
5684,5683
5684,5784
5684,5584
5685,5686
5685,5684
5685,5785
5685,5585
5686,5687
5686,5685
5686,5786
5686,5586
5687,5688
5687,5686
5687,5787
5687,5587
5688,5689
5688,5687
5688,5788
5688,5588
5689,5690
5689,5688
5689,5789
5689,5589
5690,5691
5690,5689
5690,5790
5690,5590
5691,5692
5691,5690
5691,5791
5691,5591
5692,5693
5692,5691
5692,5792
5692,5592
5693,5694
5693,5692
5693,5793
5693,5593
5694,5695
5694,5693
5694,5794
5694,5594
5695,5696
5695,5694
5695,5795
5695,5595
5696,5697
5696,5695
5696,5796
5696,5596
5697,5698
5697,5696
5697,5797
5697,5597
5698,5699
5698,5697
5698,5798
5698,5598
5699,5700
5699,5698
5699,5799
5699,5599
5700,5699
5700,5800
5700,5600
5701,5702
5701,5801
5701,5601
5702,5703
5702,5701
5702,5802
5702,5602
5703,5704
5703,5702
5703,5803
5703,5603
5704,5705
5704,5703
5704,5804
5704,5604
5705,5706
5705,5704
5705,5805
5705,5605
5706,5707
5706,5705
5706,5806
5706,5606
5707,5708
5707,5706
5707,5807
5707,5607
5708,5709
5708,5707
5708,5808
5708,5608
5709,5710
5709,5708
5709,5809
5709,5609
5710,5711
5710,5709
5710,5810
5710,5610
5711,5712
5711,5710
5711,5811
5711,5611
5712,5713
5712,5711
5712,5812
5712,5612
5713,5714
5713,5712
5713,5813
5713,5613
5714,5715
5714,5713
5714,5814
5714,5614
5715,5716
5715,5714
5715,5815
5715,5615
5716,5717
5716,5715
5716,5816
5716,5616
5717,5718
5717,5716
5717,5817
5717,5617
5718,5719
5718,5717
5718,5818
5718,5618
5719,5720
5719,5718
5719,5819
5719,5619
5720,5721
5720,5719
5720,5820
5720,5620
5721,5722
5721,5720
5721,5821
5721,5621
5722,5723
5722,5721
5722,5822
5722,5622
5723,5724
5723,5722
5723,5823
5723,5623
5724,5725
5724,5723
5724,5824
5724,5624
5725,5726
5725,5724
5725,5825
5725,5625
5726,5727
5726,5725
5726,5826
5726,5626
5727,5728
5727,5726
5727,5827
5727,5627
5728,5729
5728,5727
5728,5828
5728,5628
5729,5730
5729,5728
5729,5829
5729,5629
5730,5731
5730,5729
5730,5830
5730,5630
5731,5732
5731,5730
5731,5831
5731,5631
5732,5733
5732,5731
5732,5832
5732,5632
5733,5734
5733,5732
5733,5833
5733,5633
5734,5735
5734,5733
5734,5834
5734,5634
5735,5736
5735,5734
5735,5835
5735,5635
5736,5737
5736,5735
5736,5836
5736,5636
5737,5738
5737,5736
5737,5837
5737,5637
5738,5739
5738,5737
5738,5838
5738,5638
5739,5740
5739,5738
5739,5839
5739,5639
5740,5741
5740,5739
5740,5840
5740,5640
5741,5742
5741,5740
5741,5841
5741,5641
5742,5743
5742,5741
5742,5842
5742,5642
5743,5744
5743,5742
5743,5843
5743,5643
5744,5745
5744,5743
5744,5844
5744,5644
5745,5746
5745,5744
5745,5845
5745,5645
5746,5747
5746,5745
5746,5846
5746,5646
5747,5748
5747,5746
5747,5847
5747,5647
5748,5749
5748,5747
5748,5848
5748,5648
5749,5750
5749,5748
5749,5849
5749,5649
5750,5751
5750,5749
5750,5850
5750,5650
5751,5752
5751,5750
5751,5851
5751,5651
5752,5753
5752,5751
5752,5852
5752,5652
5753,5754
5753,5752
5753,5853
5753,5653
5754,5755
5754,5753
5754,5854
5754,5654
5755,5756
5755,5754
5755,5855
5755,5655
5756,5757
5756,5755
5756,5856
5756,5656
5757,5758
5757,5756
5757,5857
5757,5657
5758,5759
5758,5757
5758,5858
5758,5658
5759,5760
5759,5758
5759,5859
5759,5659
5760,5761
5760,5759
5760,5860
5760,5660
5761,5762
5761,5760
5761,5861
5761,5661
5762,5763
5762,5761
5762,5862
5762,5662
5763,5764
5763,5762
5763,5863
5763,5663
5764,5765
5764,5763
5764,5864
5764,5664
5765,5766
5765,5764
5765,5865
5765,5665
5766,5767
5766,5765
5766,5866
5766,5666
5767,5768
5767,5766
5767,5867
5767,5667
5768,5769
5768,5767
5768,5868
5768,5668
5769,5770
5769,5768
5769,5869
5769,5669
5770,5771
5770,5769
5770,5870
5770,5670
5771,5772
5771,5770
5771,5871
5771,5671
5772,5773
5772,5771
5772,5872
5772,5672
5773,5774
5773,5772
5773,5873
5773,5673
5774,5775
5774,5773
5774,5874
5774,5674
5775,5776
5775,5774
5775,5875
5775,5675
5776,5777
5776,5775
5776,5876
5776,5676
5777,5778
5777,5776
5777,5877
5777,5677
5778,5779
5778,5777
5778,5878
5778,5678
5779,5780
5779,5778
5779,5879
5779,5679
5780,5781
5780,5779
5780,5880
5780,5680
5781,5782
5781,5780
5781,5881
5781,5681
5782,5783
5782,5781
5782,5882
5782,5682
5783,5784
5783,5782
5783,5883
5783,5683
5784,5785
5784,5783
5784,5884
5784,5684
5785,5786
5785,5784
5785,5885
5785,5685
5786,5787
5786,5785
5786,5886
5786,5686
5787,5788
5787,5786
5787,5887
5787,5687
5788,5789
5788,5787
5788,5888
5788,5688
5789,5790
5789,5788
5789,5889
5789,5689
5790,5791
5790,5789
5790,5890
5790,5690
5791,5792
5791,5790
5791,5891
5791,5691
5792,5793
5792,5791
5792,5892
5792,5692
5793,5794
5793,5792
5793,5893
5793,5693
5794,5795
5794,5793
5794,5894
5794,5694
5795,5796
5795,5794
5795,5895
5795,5695
5796,5797
5796,5795
5796,5896
5796,5696
5797,5798
5797,5796
5797,5897
5797,5697
5798,5799
5798,5797
5798,5898
5798,5698
5799,5800
5799,5798
5799,5899
5799,5699
5800,5799
5800,5900
5800,5700
5801,5802
5801,5901
5801,5701
5802,5803
5802,5801
5802,5902
5802,5702
5803,5804
5803,5802
5803,5903
5803,5703
5804,5805
5804,5803
5804,5904
5804,5704
5805,5806
5805,5804
5805,5905
5805,5705
5806,5807
5806,5805
5806,5906
5806,5706
5807,5808
5807,5806
5807,5907
5807,5707
5808,5809
5808,5807
5808,5908
5808,5708
5809,5810
5809,5808
5809,5909
5809,5709
5810,5811
5810,5809
5810,5910
5810,5710
5811,5812
5811,5810
5811,5911
5811,5711
5812,5813
5812,5811
5812,5912
5812,5712
5813,5814
5813,5812
5813,5913
5813,5713
5814,5815
5814,5813
5814,5914
5814,5714
5815,5816
5815,5814
5815,5915
5815,5715
5816,5817
5816,5815
5816,5916
5816,5716
5817,5818
5817,5816
5817,5917
5817,5717
5818,5819
5818,5817
5818,5918
5818,5718
5819,5820
5819,5818
5819,5919
5819,5719
5820,5821
5820,5819
5820,5920
5820,5720
5821,5822
5821,5820
5821,5921
5821,5721
5822,5823
5822,5821
5822,5922
5822,5722
5823,5824
5823,5822
5823,5923
5823,5723
5824,5825
5824,5823
5824,5924
5824,5724
5825,5826
5825,5824
5825,5925
5825,5725
5826,5827
5826,5825
5826,5926
5826,5726
5827,5828
5827,5826
5827,5927
5827,5727
5828,5829
5828,5827
5828,5928
5828,5728
5829,5830
5829,5828
5829,5929
5829,5729
5830,5831
5830,5829
5830,5930
5830,5730
5831,5832
5831,5830
5831,5931
5831,5731
5832,5833
5832,5831
5832,5932
5832,5732
5833,5834
5833,5832
5833,5933
5833,5733
5834,5835
5834,5833
5834,5934
5834,5734
5835,5836
5835,5834
5835,5935
5835,5735
5836,5837
5836,5835
5836,5936
5836,5736
5837,5838
5837,5836
5837,5937
5837,5737
5838,5839
5838,5837
5838,5938
5838,5738
5839,5840
5839,5838
5839,5939
5839,5739
5840,5841
5840,5839
5840,5940
5840,5740
5841,5842
5841,5840
5841,5941
5841,5741
5842,5843
5842,5841
5842,5942
5842,5742
5843,5844
5843,5842
5843,5943
5843,5743
5844,5845
5844,5843
5844,5944
5844,5744
5845,5846
5845,5844
5845,5945
5845,5745
5846,5847
5846,5845
5846,5946
5846,5746
5847,5848
5847,5846
5847,5947
5847,5747
5848,5849
5848,5847
5848,5948
5848,5748
5849,5850
5849,5848
5849,5949
5849,5749
5850,5851
5850,5849
5850,5950
5850,5750
5851,5852
5851,5850
5851,5951
5851,5751
5852,5853
5852,5851
5852,5952
5852,5752
5853,5854
5853,5852
5853,5953
5853,5753
5854,5855
5854,5853
5854,5954
5854,5754
5855,5856
5855,5854
5855,5955
5855,5755
5856,5857
5856,5855
5856,5956
5856,5756
5857,5858
5857,5856
5857,5957
5857,5757
5858,5859
5858,5857
5858,5958
5858,5758
5859,5860
5859,5858
5859,5959
5859,5759
5860,5861
5860,5859
5860,5960
5860,5760
5861,5862
5861,5860
5861,5961
5861,5761
5862,5863
5862,5861
5862,5962
5862,5762
5863,5864
5863,5862
5863,5963
5863,5763
5864,5865
5864,5863
5864,5964
5864,5764
5865,5866
5865,5864
5865,5965
5865,5765
5866,5867
5866,5865
5866,5966
5866,5766
5867,5868
5867,5866
5867,5967
5867,5767
5868,5869
5868,5867
5868,5968
5868,5768
5869,5870
5869,5868
5869,5969
5869,5769
5870,5871
5870,5869
5870,5970
5870,5770
5871,5872
5871,5870
5871,5971
5871,5771
5872,5873
5872,5871
5872,5972
5872,5772
5873,5874
5873,5872
5873,5973
5873,5773
5874,5875
5874,5873
5874,5974
5874,5774
5875,5876
5875,5874
5875,5975
5875,5775
5876,5877
5876,5875
5876,5976
5876,5776
5877,5878
5877,5876
5877,5977
5877,5777
5878,5879
5878,5877
5878,5978
5878,5778
5879,5880
5879,5878
5879,5979
5879,5779
5880,5881
5880,5879
5880,5980
5880,5780
5881,5882
5881,5880
5881,5981
5881,5781
5882,5883
5882,5881
5882,5982
5882,5782
5883,5884
5883,5882
5883,5983
5883,5783
5884,5885
5884,5883
5884,5984
5884,5784
5885,5886
5885,5884
5885,5985
5885,5785
5886,5887
5886,5885
5886,5986
5886,5786
5887,5888
5887,5886
5887,5987
5887,5787
5888,5889
5888,5887
5888,5988
5888,5788
5889,5890
5889,5888
5889,5989
5889,5789
5890,5891
5890,5889
5890,5990
5890,5790
5891,5892
5891,5890
5891,5991
5891,5791
5892,5893
5892,5891
5892,5992
5892,5792
5893,5894
5893,5892
5893,5993
5893,5793
5894,5895
5894,5893
5894,5994
5894,5794
5895,5896
5895,5894
5895,5995
5895,5795
5896,5897
5896,5895
5896,5996
5896,5796
5897,5898
5897,5896
5897,5997
5897,5797
5898,5899
5898,5897
5898,5998
5898,5798
5899,5900
5899,5898
5899,5999
5899,5799
5900,5899
5900,6000
5900,5800
5901,5902
5901,6001
5901,5801
5902,5903
5902,5901
5902,6002
5902,5802
5903,5904
5903,5902
5903,6003
5903,5803
5904,5905
5904,5903
5904,6004
5904,5804
5905,5906
5905,5904
5905,6005
5905,5805
5906,5907
5906,5905
5906,6006
5906,5806
5907,5908
5907,5906
5907,6007
5907,5807
5908,5909
5908,5907
5908,6008
5908,5808
5909,5910
5909,5908
5909,6009
5909,5809
5910,5911
5910,5909
5910,6010
5910,5810
5911,5912
5911,5910
5911,6011
5911,5811
5912,5913
5912,5911
5912,6012
5912,5812
5913,5914
5913,5912
5913,6013
5913,5813
5914,5915
5914,5913
5914,6014
5914,5814
5915,5916
5915,5914
5915,6015
5915,5815
5916,5917
5916,5915
5916,6016
5916,5816
5917,5918
5917,5916
5917,6017
5917,5817
5918,5919
5918,5917
5918,6018
5918,5818
5919,5920
5919,5918
5919,6019
5919,5819
5920,5921
5920,5919
5920,6020
5920,5820
5921,5922
5921,5920
5921,6021
5921,5821
5922,5923
5922,5921
5922,6022
5922,5822
5923,5924
5923,5922
5923,6023
5923,5823
5924,5925
5924,5923
5924,6024
5924,5824
5925,5926
5925,5924
5925,6025
5925,5825
5926,5927
5926,5925
5926,6026
5926,5826
5927,5928
5927,5926
5927,6027
5927,5827
5928,5929
5928,5927
5928,6028
5928,5828
5929,5930
5929,5928
5929,6029
5929,5829
5930,5931
5930,5929
5930,6030
5930,5830
5931,5932
5931,5930
5931,6031
5931,5831
5932,5933
5932,5931
5932,6032
5932,5832
5933,5934
5933,5932
5933,6033
5933,5833
5934,5935
5934,5933
5934,6034
5934,5834
5935,5936
5935,5934
5935,6035
5935,5835
5936,5937
5936,5935
5936,6036
5936,5836
5937,5938
5937,5936
5937,6037
5937,5837
5938,5939
5938,5937
5938,6038
5938,5838
5939,5940
5939,5938
5939,6039
5939,5839
5940,5941
5940,5939
5940,6040
5940,5840
5941,5942
5941,5940
5941,6041
5941,5841
5942,5943
5942,5941
5942,6042
5942,5842
5943,5944
5943,5942
5943,6043
5943,5843
5944,5945
5944,5943
5944,6044
5944,5844
5945,5946
5945,5944
5945,6045
5945,5845
5946,5947
5946,5945
5946,6046
5946,5846
5947,5948
5947,5946
5947,6047
5947,5847
5948,5949
5948,5947
5948,6048
5948,5848
5949,5950
5949,5948
5949,6049
5949,5849
5950,5951
5950,5949
5950,6050
5950,5850
5951,5952
5951,5950
5951,6051
5951,5851
5952,5953
5952,5951
5952,6052
5952,5852
5953,5954
5953,5952
5953,6053
5953,5853
5954,5955
5954,5953
5954,6054
5954,5854
5955,5956
5955,5954
5955,6055
5955,5855
5956,5957
5956,5955
5956,6056
5956,5856
5957,5958
5957,5956
5957,6057
5957,5857
5958,5959
5958,5957
5958,6058
5958,5858
5959,5960
5959,5958
5959,6059
5959,5859
5960,5961
5960,5959
5960,6060
5960,5860
5961,5962
5961,5960
5961,6061
5961,5861
5962,5963
5962,5961
5962,6062
5962,5862
5963,5964
5963,5962
5963,6063
5963,5863
5964,5965
5964,5963
5964,6064
5964,5864
5965,5966
5965,5964
5965,6065
5965,5865
5966,5967
5966,5965
5966,6066
5966,5866
5967,5968
5967,5966
5967,6067
5967,5867
5968,5969
5968,5967
5968,6068
5968,5868
5969,5970
5969,5968
5969,6069
5969,5869
5970,5971
5970,5969
5970,6070
5970,5870
5971,5972
5971,5970
5971,6071
5971,5871
5972,5973
5972,5971
5972,6072
5972,5872
5973,5974
5973,5972
5973,6073
5973,5873
5974,5975
5974,5973
5974,6074
5974,5874
5975,5976
5975,5974
5975,6075
5975,5875
5976,5977
5976,5975
5976,6076
5976,5876
5977,5978
5977,5976
5977,6077
5977,5877
5978,5979
5978,5977
5978,6078
5978,5878
5979,5980
5979,5978
5979,6079
5979,5879
5980,5981
5980,5979
5980,6080
5980,5880
5981,5982
5981,5980
5981,6081
5981,5881
5982,5983
5982,5981
5982,6082
5982,5882
5983,5984
5983,5982
5983,6083
5983,5883
5984,5985
5984,5983
5984,6084
5984,5884
5985,5986
5985,5984
5985,6085
5985,5885
5986,5987
5986,5985
5986,6086
5986,5886
5987,5988
5987,5986
5987,6087
5987,5887
5988,5989
5988,5987
5988,6088
5988,5888
5989,5990
5989,5988
5989,6089
5989,5889
5990,5991
5990,5989
5990,6090
5990,5890
5991,5992
5991,5990
5991,6091
5991,5891
5992,5993
5992,5991
5992,6092
5992,5892
5993,5994
5993,5992
5993,6093
5993,5893
5994,5995
5994,5993
5994,6094
5994,5894
5995,5996
5995,5994
5995,6095
5995,5895
5996,5997
5996,5995
5996,6096
5996,5896
5997,5998
5997,5996
5997,6097
5997,5897
5998,5999
5998,5997
5998,6098
5998,5898
5999,6000
5999,5998
5999,6099
5999,5899
6000,5999
6000,6100
6000,5900
6001,6002
6001,6101
6001,5901
6002,6003
6002,6001
6002,6102
6002,5902
6003,6004
6003,6002
6003,6103
6003,5903
6004,6005
6004,6003
6004,6104
6004,5904
6005,6006
6005,6004
6005,6105
6005,5905
6006,6007
6006,6005
6006,6106
6006,5906
6007,6008
6007,6006
6007,6107
6007,5907
6008,6009
6008,6007
6008,6108
6008,5908
6009,6010
6009,6008
6009,6109
6009,5909
6010,6011
6010,6009
6010,6110
6010,5910
6011,6012
6011,6010
6011,6111
6011,5911
6012,6013
6012,6011
6012,6112
6012,5912
6013,6014
6013,6012
6013,6113
6013,5913
6014,6015
6014,6013
6014,6114
6014,5914
6015,6016
6015,6014
6015,6115
6015,5915
6016,6017
6016,6015
6016,6116
6016,5916
6017,6018
6017,6016
6017,6117
6017,5917
6018,6019
6018,6017
6018,6118
6018,5918
6019,6020
6019,6018
6019,6119
6019,5919
6020,6021
6020,6019
6020,6120
6020,5920
6021,6022
6021,6020
6021,6121
6021,5921
6022,6023
6022,6021
6022,6122
6022,5922
6023,6024
6023,6022
6023,6123
6023,5923
6024,6025
6024,6023
6024,6124
6024,5924
6025,6026
6025,6024
6025,6125
6025,5925
6026,6027
6026,6025
6026,6126
6026,5926
6027,6028
6027,6026
6027,6127
6027,5927
6028,6029
6028,6027
6028,6128
6028,5928
6029,6030
6029,6028
6029,6129
6029,5929
6030,6031
6030,6029
6030,6130
6030,5930
6031,6032
6031,6030
6031,6131
6031,5931
6032,6033
6032,6031
6032,6132
6032,5932
6033,6034
6033,6032
6033,6133
6033,5933
6034,6035
6034,6033
6034,6134
6034,5934
6035,6036
6035,6034
6035,6135
6035,5935
6036,6037
6036,6035
6036,6136
6036,5936
6037,6038
6037,6036
6037,6137
6037,5937
6038,6039
6038,6037
6038,6138
6038,5938
6039,6040
6039,6038
6039,6139
6039,5939
6040,6041
6040,6039
6040,6140
6040,5940
6041,6042
6041,6040
6041,6141
6041,5941
6042,6043
6042,6041
6042,6142
6042,5942
6043,6044
6043,6042
6043,6143
6043,5943
6044,6045
6044,6043
6044,6144
6044,5944
6045,6046
6045,6044
6045,6145
6045,5945
6046,6047
6046,6045
6046,6146
6046,5946
6047,6048
6047,6046
6047,6147
6047,5947
6048,6049
6048,6047
6048,6148
6048,5948
6049,6050
6049,6048
6049,6149
6049,5949
6050,6051
6050,6049
6050,6150
6050,5950
6051,6052
6051,6050
6051,6151
6051,5951
6052,6053
6052,6051
6052,6152
6052,5952
6053,6054
6053,6052
6053,6153
6053,5953
6054,6055
6054,6053
6054,6154
6054,5954
6055,6056
6055,6054
6055,6155
6055,5955
6056,6057
6056,6055
6056,6156
6056,5956
6057,6058
6057,6056
6057,6157
6057,5957
6058,6059
6058,6057
6058,6158
6058,5958
6059,6060
6059,6058
6059,6159
6059,5959
6060,6061
6060,6059
6060,6160
6060,5960
6061,6062
6061,6060
6061,6161
6061,5961
6062,6063
6062,6061
6062,6162
6062,5962
6063,6064
6063,6062
6063,6163
6063,5963
6064,6065
6064,6063
6064,6164
6064,5964
6065,6066
6065,6064
6065,6165
6065,5965
6066,6067
6066,6065
6066,6166
6066,5966
6067,6068
6067,6066
6067,6167
6067,5967
6068,6069
6068,6067
6068,6168
6068,5968
6069,6070
6069,6068
6069,6169
6069,5969
6070,6071
6070,6069
6070,6170
6070,5970
6071,6072
6071,6070
6071,6171
6071,5971
6072,6073
6072,6071
6072,6172
6072,5972
6073,6074
6073,6072
6073,6173
6073,5973
6074,6075
6074,6073
6074,6174
6074,5974
6075,6076
6075,6074
6075,6175
6075,5975
6076,6077
6076,6075
6076,6176
6076,5976
6077,6078
6077,6076
6077,6177
6077,5977
6078,6079
6078,6077
6078,6178
6078,5978
6079,6080
6079,6078
6079,6179
6079,5979
6080,6081
6080,6079
6080,6180
6080,5980
6081,6082
6081,6080
6081,6181
6081,5981
6082,6083
6082,6081
6082,6182
6082,5982
6083,6084
6083,6082
6083,6183
6083,5983
6084,6085
6084,6083
6084,6184
6084,5984
6085,6086
6085,6084
6085,6185
6085,5985
6086,6087
6086,6085
6086,6186
6086,5986
6087,6088
6087,6086
6087,6187
6087,5987
6088,6089
6088,6087
6088,6188
6088,5988
6089,6090
6089,6088
6089,6189
6089,5989
6090,6091
6090,6089
6090,6190
6090,5990
6091,6092
6091,6090
6091,6191
6091,5991
6092,6093
6092,6091
6092,6192
6092,5992
6093,6094
6093,6092
6093,6193
6093,5993
6094,6095
6094,6093
6094,6194
6094,5994
6095,6096
6095,6094
6095,6195
6095,5995
6096,6097
6096,6095
6096,6196
6096,5996
6097,6098
6097,6096
6097,6197
6097,5997
6098,6099
6098,6097
6098,6198
6098,5998
6099,6100
6099,6098
6099,6199
6099,5999
6100,6099
6100,6200
6100,6000
6101,6102
6101,6201
6101,6001
6102,6103
6102,6101
6102,6202
6102,6002
6103,6104
6103,6102
6103,6203
6103,6003
6104,6105
6104,6103
6104,6204
6104,6004
6105,6106
6105,6104
6105,6205
6105,6005
6106,6107
6106,6105
6106,6206
6106,6006
6107,6108
6107,6106
6107,6207
6107,6007
6108,6109
6108,6107
6108,6208
6108,6008
6109,6110
6109,6108
6109,6209
6109,6009
6110,6111
6110,6109
6110,6210
6110,6010
6111,6112
6111,6110
6111,6211
6111,6011
6112,6113
6112,6111
6112,6212
6112,6012
6113,6114
6113,6112
6113,6213
6113,6013
6114,6115
6114,6113
6114,6214
6114,6014
6115,6116
6115,6114
6115,6215
6115,6015
6116,6117
6116,6115
6116,6216
6116,6016
6117,6118
6117,6116
6117,6217
6117,6017
6118,6119
6118,6117
6118,6218
6118,6018
6119,6120
6119,6118
6119,6219
6119,6019
6120,6121
6120,6119
6120,6220
6120,6020
6121,6122
6121,6120
6121,6221
6121,6021
6122,6123
6122,6121
6122,6222
6122,6022
6123,6124
6123,6122
6123,6223
6123,6023
6124,6125
6124,6123
6124,6224
6124,6024
6125,6126
6125,6124
6125,6225
6125,6025
6126,6127
6126,6125
6126,6226
6126,6026
6127,6128
6127,6126
6127,6227
6127,6027
6128,6129
6128,6127
6128,6228
6128,6028
6129,6130
6129,6128
6129,6229
6129,6029
6130,6131
6130,6129
6130,6230
6130,6030
6131,6132
6131,6130
6131,6231
6131,6031
6132,6133
6132,6131
6132,6232
6132,6032
6133,6134
6133,6132
6133,6233
6133,6033
6134,6135
6134,6133
6134,6234
6134,6034
6135,6136
6135,6134
6135,6235
6135,6035
6136,6137
6136,6135
6136,6236
6136,6036
6137,6138
6137,6136
6137,6237
6137,6037
6138,6139
6138,6137
6138,6238
6138,6038
6139,6140
6139,6138
6139,6239
6139,6039
6140,6141
6140,6139
6140,6240
6140,6040
6141,6142
6141,6140
6141,6241
6141,6041
6142,6143
6142,6141
6142,6242
6142,6042
6143,6144
6143,6142
6143,6243
6143,6043
6144,6145
6144,6143
6144,6244
6144,6044
6145,6146
6145,6144
6145,6245
6145,6045
6146,6147
6146,6145
6146,6246
6146,6046
6147,6148
6147,6146
6147,6247
6147,6047
6148,6149
6148,6147
6148,6248
6148,6048
6149,6150
6149,6148
6149,6249
6149,6049
6150,6151
6150,6149
6150,6250
6150,6050
6151,6152
6151,6150
6151,6251
6151,6051
6152,6153
6152,6151
6152,6252
6152,6052
6153,6154
6153,6152
6153,6253
6153,6053
6154,6155
6154,6153
6154,6254
6154,6054
6155,6156
6155,6154
6155,6255
6155,6055
6156,6157
6156,6155
6156,6256
6156,6056
6157,6158
6157,6156
6157,6257
6157,6057
6158,6159
6158,6157
6158,6258
6158,6058
6159,6160
6159,6158
6159,6259
6159,6059
6160,6161
6160,6159
6160,6260
6160,6060
6161,6162
6161,6160
6161,6261
6161,6061
6162,6163
6162,6161
6162,6262
6162,6062
6163,6164
6163,6162
6163,6263
6163,6063
6164,6165
6164,6163
6164,6264
6164,6064
6165,6166
6165,6164
6165,6265
6165,6065
6166,6167
6166,6165
6166,6266
6166,6066
6167,6168
6167,6166
6167,6267
6167,6067
6168,6169
6168,6167
6168,6268
6168,6068
6169,6170
6169,6168
6169,6269
6169,6069
6170,6171
6170,6169
6170,6270
6170,6070
6171,6172
6171,6170
6171,6271
6171,6071
6172,6173
6172,6171
6172,6272
6172,6072
6173,6174
6173,6172
6173,6273
6173,6073
6174,6175
6174,6173
6174,6274
6174,6074
6175,6176
6175,6174
6175,6275
6175,6075
6176,6177
6176,6175
6176,6276
6176,6076
6177,6178
6177,6176
6177,6277
6177,6077
6178,6179
6178,6177
6178,6278
6178,6078
6179,6180
6179,6178
6179,6279
6179,6079
6180,6181
6180,6179
6180,6280
6180,6080
6181,6182
6181,6180
6181,6281
6181,6081
6182,6183
6182,6181
6182,6282
6182,6082
6183,6184
6183,6182
6183,6283
6183,6083
6184,6185
6184,6183
6184,6284
6184,6084
6185,6186
6185,6184
6185,6285
6185,6085
6186,6187
6186,6185
6186,6286
6186,6086
6187,6188
6187,6186
6187,6287
6187,6087
6188,6189
6188,6187
6188,6288
6188,6088
6189,6190
6189,6188
6189,6289
6189,6089
6190,6191
6190,6189
6190,6290
6190,6090
6191,6192
6191,6190
6191,6291
6191,6091
6192,6193
6192,6191
6192,6292
6192,6092
6193,6194
6193,6192
6193,6293
6193,6093
6194,6195
6194,6193
6194,6294
6194,6094
6195,6196
6195,6194
6195,6295
6195,6095
6196,6197
6196,6195
6196,6296
6196,6096
6197,6198
6197,6196
6197,6297
6197,6097
6198,6199
6198,6197
6198,6298
6198,6098
6199,6200
6199,6198
6199,6299
6199,6099
6200,6199
6200,6300
6200,6100
6201,6202
6201,6301
6201,6101
6202,6203
6202,6201
6202,6302
6202,6102
6203,6204
6203,6202
6203,6303
6203,6103
6204,6205
6204,6203
6204,6304
6204,6104
6205,6206
6205,6204
6205,6305
6205,6105
6206,6207
6206,6205
6206,6306
6206,6106
6207,6208
6207,6206
6207,6307
6207,6107
6208,6209
6208,6207
6208,6308
6208,6108
6209,6210
6209,6208
6209,6309
6209,6109
6210,6211
6210,6209
6210,6310
6210,6110
6211,6212
6211,6210
6211,6311
6211,6111
6212,6213
6212,6211
6212,6312
6212,6112
6213,6214
6213,6212
6213,6313
6213,6113
6214,6215
6214,6213
6214,6314
6214,6114
6215,6216
6215,6214
6215,6315
6215,6115
6216,6217
6216,6215
6216,6316
6216,6116
6217,6218
6217,6216
6217,6317
6217,6117
6218,6219
6218,6217
6218,6318
6218,6118
6219,6220
6219,6218
6219,6319
6219,6119
6220,6221
6220,6219
6220,6320
6220,6120
6221,6222
6221,6220
6221,6321
6221,6121
6222,6223
6222,6221
6222,6322
6222,6122
6223,6224
6223,6222
6223,6323
6223,6123
6224,6225
6224,6223
6224,6324
6224,6124
6225,6226
6225,6224
6225,6325
6225,6125
6226,6227
6226,6225
6226,6326
6226,6126
6227,6228
6227,6226
6227,6327
6227,6127
6228,6229
6228,6227
6228,6328
6228,6128
6229,6230
6229,6228
6229,6329
6229,6129
6230,6231
6230,6229
6230,6330
6230,6130
6231,6232
6231,6230
6231,6331
6231,6131
6232,6233
6232,6231
6232,6332
6232,6132
6233,6234
6233,6232
6233,6333
6233,6133
6234,6235
6234,6233
6234,6334
6234,6134
6235,6236
6235,6234
6235,6335
6235,6135
6236,6237
6236,6235
6236,6336
6236,6136
6237,6238
6237,6236
6237,6337
6237,6137
6238,6239
6238,6237
6238,6338
6238,6138
6239,6240
6239,6238
6239,6339
6239,6139
6240,6241
6240,6239
6240,6340
6240,6140
6241,6242
6241,6240
6241,6341
6241,6141
6242,6243
6242,6241
6242,6342
6242,6142
6243,6244
6243,6242
6243,6343
6243,6143
6244,6245
6244,6243
6244,6344
6244,6144
6245,6246
6245,6244
6245,6345
6245,6145
6246,6247
6246,6245
6246,6346
6246,6146
6247,6248
6247,6246
6247,6347
6247,6147
6248,6249
6248,6247
6248,6348
6248,6148
6249,6250
6249,6248
6249,6349
6249,6149
6250,6251
6250,6249
6250,6350
6250,6150
6251,6252
6251,6250
6251,6351
6251,6151
6252,6253
6252,6251
6252,6352
6252,6152
6253,6254
6253,6252
6253,6353
6253,6153
6254,6255
6254,6253
6254,6354
6254,6154
6255,6256
6255,6254
6255,6355
6255,6155
6256,6257
6256,6255
6256,6356
6256,6156
6257,6258
6257,6256
6257,6357
6257,6157
6258,6259
6258,6257
6258,6358
6258,6158
6259,6260
6259,6258
6259,6359
6259,6159
6260,6261
6260,6259
6260,6360
6260,6160
6261,6262
6261,6260
6261,6361
6261,6161
6262,6263
6262,6261
6262,6362
6262,6162
6263,6264
6263,6262
6263,6363
6263,6163
6264,6265
6264,6263
6264,6364
6264,6164
6265,6266
6265,6264
6265,6365
6265,6165
6266,6267
6266,6265
6266,6366
6266,6166
6267,6268
6267,6266
6267,6367
6267,6167
6268,6269
6268,6267
6268,6368
6268,6168
6269,6270
6269,6268
6269,6369
6269,6169
6270,6271
6270,6269
6270,6370
6270,6170
6271,6272
6271,6270
6271,6371
6271,6171
6272,6273
6272,6271
6272,6372
6272,6172
6273,6274
6273,6272
6273,6373
6273,6173
6274,6275
6274,6273
6274,6374
6274,6174
6275,6276
6275,6274
6275,6375
6275,6175
6276,6277
6276,6275
6276,6376
6276,6176
6277,6278
6277,6276
6277,6377
6277,6177
6278,6279
6278,6277
6278,6378
6278,6178
6279,6280
6279,6278
6279,6379
6279,6179
6280,6281
6280,6279
6280,6380
6280,6180
6281,6282
6281,6280
6281,6381
6281,6181
6282,6283
6282,6281
6282,6382
6282,6182
6283,6284
6283,6282
6283,6383
6283,6183
6284,6285
6284,6283
6284,6384
6284,6184
6285,6286
6285,6284
6285,6385
6285,6185
6286,6287
6286,6285
6286,6386
6286,6186
6287,6288
6287,6286
6287,6387
6287,6187
6288,6289
6288,6287
6288,6388
6288,6188
6289,6290
6289,6288
6289,6389
6289,6189
6290,6291
6290,6289
6290,6390
6290,6190
6291,6292
6291,6290
6291,6391
6291,6191
6292,6293
6292,6291
6292,6392
6292,6192
6293,6294
6293,6292
6293,6393
6293,6193
6294,6295
6294,6293
6294,6394
6294,6194
6295,6296
6295,6294
6295,6395
6295,6195
6296,6297
6296,6295
6296,6396
6296,6196
6297,6298
6297,6296
6297,6397
6297,6197
6298,6299
6298,6297
6298,6398
6298,6198
6299,6300
6299,6298
6299,6399
6299,6199
6300,6299
6300,6400
6300,6200
6301,6302
6301,6401
6301,6201
6302,6303
6302,6301
6302,6402
6302,6202
6303,6304
6303,6302
6303,6403
6303,6203
6304,6305
6304,6303
6304,6404
6304,6204
6305,6306
6305,6304
6305,6405
6305,6205
6306,6307
6306,6305
6306,6406
6306,6206
6307,6308
6307,6306
6307,6407
6307,6207
6308,6309
6308,6307
6308,6408
6308,6208
6309,6310
6309,6308
6309,6409
6309,6209
6310,6311
6310,6309
6310,6410
6310,6210
6311,6312
6311,6310
6311,6411
6311,6211
6312,6313
6312,6311
6312,6412
6312,6212
6313,6314
6313,6312
6313,6413
6313,6213
6314,6315
6314,6313
6314,6414
6314,6214
6315,6316
6315,6314
6315,6415
6315,6215
6316,6317
6316,6315
6316,6416
6316,6216
6317,6318
6317,6316
6317,6417
6317,6217
6318,6319
6318,6317
6318,6418
6318,6218
6319,6320
6319,6318
6319,6419
6319,6219
6320,6321
6320,6319
6320,6420
6320,6220
6321,6322
6321,6320
6321,6421
6321,6221
6322,6323
6322,6321
6322,6422
6322,6222
6323,6324
6323,6322
6323,6423
6323,6223
6324,6325
6324,6323
6324,6424
6324,6224
6325,6326
6325,6324
6325,6425
6325,6225
6326,6327
6326,6325
6326,6426
6326,6226
6327,6328
6327,6326
6327,6427
6327,6227
6328,6329
6328,6327
6328,6428
6328,6228
6329,6330
6329,6328
6329,6429
6329,6229
6330,6331
6330,6329
6330,6430
6330,6230
6331,6332
6331,6330
6331,6431
6331,6231
6332,6333
6332,6331
6332,6432
6332,6232
6333,6334
6333,6332
6333,6433
6333,6233
6334,6335
6334,6333
6334,6434
6334,6234
6335,6336
6335,6334
6335,6435
6335,6235
6336,6337
6336,6335
6336,6436
6336,6236
6337,6338
6337,6336
6337,6437
6337,6237
6338,6339
6338,6337
6338,6438
6338,6238
6339,6340
6339,6338
6339,6439
6339,6239
6340,6341
6340,6339
6340,6440
6340,6240
6341,6342
6341,6340
6341,6441
6341,6241
6342,6343
6342,6341
6342,6442
6342,6242
6343,6344
6343,6342
6343,6443
6343,6243
6344,6345
6344,6343
6344,6444
6344,6244
6345,6346
6345,6344
6345,6445
6345,6245
6346,6347
6346,6345
6346,6446
6346,6246
6347,6348
6347,6346
6347,6447
6347,6247
6348,6349
6348,6347
6348,6448
6348,6248
6349,6350
6349,6348
6349,6449
6349,6249
6350,6351
6350,6349
6350,6450
6350,6250
6351,6352
6351,6350
6351,6451
6351,6251
6352,6353
6352,6351
6352,6452
6352,6252
6353,6354
6353,6352
6353,6453
6353,6253
6354,6355
6354,6353
6354,6454
6354,6254
6355,6356
6355,6354
6355,6455
6355,6255
6356,6357
6356,6355
6356,6456
6356,6256
6357,6358
6357,6356
6357,6457
6357,6257
6358,6359
6358,6357
6358,6458
6358,6258
6359,6360
6359,6358
6359,6459
6359,6259
6360,6361
6360,6359
6360,6460
6360,6260
6361,6362
6361,6360
6361,6461
6361,6261
6362,6363
6362,6361
6362,6462
6362,6262
6363,6364
6363,6362
6363,6463
6363,6263
6364,6365
6364,6363
6364,6464
6364,6264
6365,6366
6365,6364
6365,6465
6365,6265
6366,6367
6366,6365
6366,6466
6366,6266
6367,6368
6367,6366
6367,6467
6367,6267
6368,6369
6368,6367
6368,6468
6368,6268
6369,6370
6369,6368
6369,6469
6369,6269
6370,6371
6370,6369
6370,6470
6370,6270
6371,6372
6371,6370
6371,6471
6371,6271
6372,6373
6372,6371
6372,6472
6372,6272
6373,6374
6373,6372
6373,6473
6373,6273
6374,6375
6374,6373
6374,6474
6374,6274
6375,6376
6375,6374
6375,6475
6375,6275
6376,6377
6376,6375
6376,6476
6376,6276
6377,6378
6377,6376
6377,6477
6377,6277
6378,6379
6378,6377
6378,6478
6378,6278
6379,6380
6379,6378
6379,6479
6379,6279
6380,6381
6380,6379
6380,6480
6380,6280
6381,6382
6381,6380
6381,6481
6381,6281
6382,6383
6382,6381
6382,6482
6382,6282
6383,6384
6383,6382
6383,6483
6383,6283
6384,6385
6384,6383
6384,6484
6384,6284
6385,6386
6385,6384
6385,6485
6385,6285
6386,6387
6386,6385
6386,6486
6386,6286
6387,6388
6387,6386
6387,6487
6387,6287
6388,6389
6388,6387
6388,6488
6388,6288
6389,6390
6389,6388
6389,6489
6389,6289
6390,6391
6390,6389
6390,6490
6390,6290
6391,6392
6391,6390
6391,6491
6391,6291
6392,6393
6392,6391
6392,6492
6392,6292
6393,6394
6393,6392
6393,6493
6393,6293
6394,6395
6394,6393
6394,6494
6394,6294
6395,6396
6395,6394
6395,6495
6395,6295
6396,6397
6396,6395
6396,6496
6396,6296
6397,6398
6397,6396
6397,6497
6397,6297
6398,6399
6398,6397
6398,6498
6398,6298
6399,6400
6399,6398
6399,6499
6399,6299
6400,6399
6400,6500
6400,6300
6401,6402
6401,6501
6401,6301
6402,6403
6402,6401
6402,6502
6402,6302
6403,6404
6403,6402
6403,6503
6403,6303
6404,6405
6404,6403
6404,6504
6404,6304
6405,6406
6405,6404
6405,6505
6405,6305
6406,6407
6406,6405
6406,6506
6406,6306
6407,6408
6407,6406
6407,6507
6407,6307
6408,6409
6408,6407
6408,6508
6408,6308
6409,6410
6409,6408
6409,6509
6409,6309
6410,6411
6410,6409
6410,6510
6410,6310
6411,6412
6411,6410
6411,6511
6411,6311
6412,6413
6412,6411
6412,6512
6412,6312
6413,6414
6413,6412
6413,6513
6413,6313
6414,6415
6414,6413
6414,6514
6414,6314
6415,6416
6415,6414
6415,6515
6415,6315
6416,6417
6416,6415
6416,6516
6416,6316
6417,6418
6417,6416
6417,6517
6417,6317
6418,6419
6418,6417
6418,6518
6418,6318
6419,6420
6419,6418
6419,6519
6419,6319
6420,6421
6420,6419
6420,6520
6420,6320
6421,6422
6421,6420
6421,6521
6421,6321
6422,6423
6422,6421
6422,6522
6422,6322
6423,6424
6423,6422
6423,6523
6423,6323
6424,6425
6424,6423
6424,6524
6424,6324
6425,6426
6425,6424
6425,6525
6425,6325
6426,6427
6426,6425
6426,6526
6426,6326
6427,6428
6427,6426
6427,6527
6427,6327
6428,6429
6428,6427
6428,6528
6428,6328
6429,6430
6429,6428
6429,6529
6429,6329
6430,6431
6430,6429
6430,6530
6430,6330
6431,6432
6431,6430
6431,6531
6431,6331
6432,6433
6432,6431
6432,6532
6432,6332
6433,6434
6433,6432
6433,6533
6433,6333
6434,6435
6434,6433
6434,6534
6434,6334
6435,6436
6435,6434
6435,6535
6435,6335
6436,6437
6436,6435
6436,6536
6436,6336
6437,6438
6437,6436
6437,6537
6437,6337
6438,6439
6438,6437
6438,6538
6438,6338
6439,6440
6439,6438
6439,6539
6439,6339
6440,6441
6440,6439
6440,6540
6440,6340
6441,6442
6441,6440
6441,6541
6441,6341
6442,6443
6442,6441
6442,6542
6442,6342
6443,6444
6443,6442
6443,6543
6443,6343
6444,6445
6444,6443
6444,6544
6444,6344
6445,6446
6445,6444
6445,6545
6445,6345
6446,6447
6446,6445
6446,6546
6446,6346
6447,6448
6447,6446
6447,6547
6447,6347
6448,6449
6448,6447
6448,6548
6448,6348
6449,6450
6449,6448
6449,6549
6449,6349
6450,6451
6450,6449
6450,6550
6450,6350
6451,6452
6451,6450
6451,6551
6451,6351
6452,6453
6452,6451
6452,6552
6452,6352
6453,6454
6453,6452
6453,6553
6453,6353
6454,6455
6454,6453
6454,6554
6454,6354
6455,6456
6455,6454
6455,6555
6455,6355
6456,6457
6456,6455
6456,6556
6456,6356
6457,6458
6457,6456
6457,6557
6457,6357
6458,6459
6458,6457
6458,6558
6458,6358
6459,6460
6459,6458
6459,6559
6459,6359
6460,6461
6460,6459
6460,6560
6460,6360
6461,6462
6461,6460
6461,6561
6461,6361
6462,6463
6462,6461
6462,6562
6462,6362
6463,6464
6463,6462
6463,6563
6463,6363
6464,6465
6464,6463
6464,6564
6464,6364
6465,6466
6465,6464
6465,6565
6465,6365
6466,6467
6466,6465
6466,6566
6466,6366
6467,6468
6467,6466
6467,6567
6467,6367
6468,6469
6468,6467
6468,6568
6468,6368
6469,6470
6469,6468
6469,6569
6469,6369
6470,6471
6470,6469
6470,6570
6470,6370
6471,6472
6471,6470
6471,6571
6471,6371
6472,6473
6472,6471
6472,6572
6472,6372
6473,6474
6473,6472
6473,6573
6473,6373
6474,6475
6474,6473
6474,6574
6474,6374
6475,6476
6475,6474
6475,6575
6475,6375
6476,6477
6476,6475
6476,6576
6476,6376
6477,6478
6477,6476
6477,6577
6477,6377
6478,6479
6478,6477
6478,6578
6478,6378
6479,6480
6479,6478
6479,6579
6479,6379
6480,6481
6480,6479
6480,6580
6480,6380
6481,6482
6481,6480
6481,6581
6481,6381
6482,6483
6482,6481
6482,6582
6482,6382
6483,6484
6483,6482
6483,6583
6483,6383
6484,6485
6484,6483
6484,6584
6484,6384
6485,6486
6485,6484
6485,6585
6485,6385
6486,6487
6486,6485
6486,6586
6486,6386
6487,6488
6487,6486
6487,6587
6487,6387
6488,6489
6488,6487
6488,6588
6488,6388
6489,6490
6489,6488
6489,6589
6489,6389
6490,6491
6490,6489
6490,6590
6490,6390
6491,6492
6491,6490
6491,6591
6491,6391
6492,6493
6492,6491
6492,6592
6492,6392
6493,6494
6493,6492
6493,6593
6493,6393
6494,6495
6494,6493
6494,6594
6494,6394
6495,6496
6495,6494
6495,6595
6495,6395
6496,6497
6496,6495
6496,6596
6496,6396
6497,6498
6497,6496
6497,6597
6497,6397
6498,6499
6498,6497
6498,6598
6498,6398
6499,6500
6499,6498
6499,6599
6499,6399
6500,6499
6500,6600
6500,6400
6501,6502
6501,6601
6501,6401
6502,6503
6502,6501
6502,6602
6502,6402
6503,6504
6503,6502
6503,6603
6503,6403
6504,6505
6504,6503
6504,6604
6504,6404
6505,6506
6505,6504
6505,6605
6505,6405
6506,6507
6506,6505
6506,6606
6506,6406
6507,6508
6507,6506
6507,6607
6507,6407
6508,6509
6508,6507
6508,6608
6508,6408
6509,6510
6509,6508
6509,6609
6509,6409
6510,6511
6510,6509
6510,6610
6510,6410
6511,6512
6511,6510
6511,6611
6511,6411
6512,6513
6512,6511
6512,6612
6512,6412
6513,6514
6513,6512
6513,6613
6513,6413
6514,6515
6514,6513
6514,6614
6514,6414
6515,6516
6515,6514
6515,6615
6515,6415
6516,6517
6516,6515
6516,6616
6516,6416
6517,6518
6517,6516
6517,6617
6517,6417
6518,6519
6518,6517
6518,6618
6518,6418
6519,6520
6519,6518
6519,6619
6519,6419
6520,6521
6520,6519
6520,6620
6520,6420
6521,6522
6521,6520
6521,6621
6521,6421
6522,6523
6522,6521
6522,6622
6522,6422
6523,6524
6523,6522
6523,6623
6523,6423
6524,6525
6524,6523
6524,6624
6524,6424
6525,6526
6525,6524
6525,6625
6525,6425
6526,6527
6526,6525
6526,6626
6526,6426
6527,6528
6527,6526
6527,6627
6527,6427
6528,6529
6528,6527
6528,6628
6528,6428
6529,6530
6529,6528
6529,6629
6529,6429
6530,6531
6530,6529
6530,6630
6530,6430
6531,6532
6531,6530
6531,6631
6531,6431
6532,6533
6532,6531
6532,6632
6532,6432
6533,6534
6533,6532
6533,6633
6533,6433
6534,6535
6534,6533
6534,6634
6534,6434
6535,6536
6535,6534
6535,6635
6535,6435
6536,6537
6536,6535
6536,6636
6536,6436
6537,6538
6537,6536
6537,6637
6537,6437
6538,6539
6538,6537
6538,6638
6538,6438
6539,6540
6539,6538
6539,6639
6539,6439
6540,6541
6540,6539
6540,6640
6540,6440
6541,6542
6541,6540
6541,6641
6541,6441
6542,6543
6542,6541
6542,6642
6542,6442
6543,6544
6543,6542
6543,6643
6543,6443
6544,6545
6544,6543
6544,6644
6544,6444
6545,6546
6545,6544
6545,6645
6545,6445
6546,6547
6546,6545
6546,6646
6546,6446
6547,6548
6547,6546
6547,6647
6547,6447
6548,6549
6548,6547
6548,6648
6548,6448
6549,6550
6549,6548
6549,6649
6549,6449
6550,6551
6550,6549
6550,6650
6550,6450
6551,6552
6551,6550
6551,6651
6551,6451
6552,6553
6552,6551
6552,6652
6552,6452
6553,6554
6553,6552
6553,6653
6553,6453
6554,6555
6554,6553
6554,6654
6554,6454
6555,6556
6555,6554
6555,6655
6555,6455
6556,6557
6556,6555
6556,6656
6556,6456
6557,6558
6557,6556
6557,6657
6557,6457
6558,6559
6558,6557
6558,6658
6558,6458
6559,6560
6559,6558
6559,6659
6559,6459
6560,6561
6560,6559
6560,6660
6560,6460
6561,6562
6561,6560
6561,6661
6561,6461
6562,6563
6562,6561
6562,6662
6562,6462
6563,6564
6563,6562
6563,6663
6563,6463
6564,6565
6564,6563
6564,6664
6564,6464
6565,6566
6565,6564
6565,6665
6565,6465
6566,6567
6566,6565
6566,6666
6566,6466
6567,6568
6567,6566
6567,6667
6567,6467
6568,6569
6568,6567
6568,6668
6568,6468
6569,6570
6569,6568
6569,6669
6569,6469
6570,6571
6570,6569
6570,6670
6570,6470
6571,6572
6571,6570
6571,6671
6571,6471
6572,6573
6572,6571
6572,6672
6572,6472
6573,6574
6573,6572
6573,6673
6573,6473
6574,6575
6574,6573
6574,6674
6574,6474
6575,6576
6575,6574
6575,6675
6575,6475
6576,6577
6576,6575
6576,6676
6576,6476
6577,6578
6577,6576
6577,6677
6577,6477
6578,6579
6578,6577
6578,6678
6578,6478
6579,6580
6579,6578
6579,6679
6579,6479
6580,6581
6580,6579
6580,6680
6580,6480
6581,6582
6581,6580
6581,6681
6581,6481
6582,6583
6582,6581
6582,6682
6582,6482
6583,6584
6583,6582
6583,6683
6583,6483
6584,6585
6584,6583
6584,6684
6584,6484
6585,6586
6585,6584
6585,6685
6585,6485
6586,6587
6586,6585
6586,6686
6586,6486
6587,6588
6587,6586
6587,6687
6587,6487
6588,6589
6588,6587
6588,6688
6588,6488
6589,6590
6589,6588
6589,6689
6589,6489
6590,6591
6590,6589
6590,6690
6590,6490
6591,6592
6591,6590
6591,6691
6591,6491
6592,6593
6592,6591
6592,6692
6592,6492
6593,6594
6593,6592
6593,6693
6593,6493
6594,6595
6594,6593
6594,6694
6594,6494
6595,6596
6595,6594
6595,6695
6595,6495
6596,6597
6596,6595
6596,6696
6596,6496
6597,6598
6597,6596
6597,6697
6597,6497
6598,6599
6598,6597
6598,6698
6598,6498
6599,6600
6599,6598
6599,6699
6599,6499
6600,6599
6600,6700
6600,6500
6601,6602
6601,6701
6601,6501
6602,6603
6602,6601
6602,6702
6602,6502
6603,6604
6603,6602
6603,6703
6603,6503
6604,6605
6604,6603
6604,6704
6604,6504
6605,6606
6605,6604
6605,6705
6605,6505
6606,6607
6606,6605
6606,6706
6606,6506
6607,6608
6607,6606
6607,6707
6607,6507
6608,6609
6608,6607
6608,6708
6608,6508
6609,6610
6609,6608
6609,6709
6609,6509
6610,6611
6610,6609
6610,6710
6610,6510
6611,6612
6611,6610
6611,6711
6611,6511
6612,6613
6612,6611
6612,6712
6612,6512
6613,6614
6613,6612
6613,6713
6613,6513
6614,6615
6614,6613
6614,6714
6614,6514
6615,6616
6615,6614
6615,6715
6615,6515
6616,6617
6616,6615
6616,6716
6616,6516
6617,6618
6617,6616
6617,6717
6617,6517
6618,6619
6618,6617
6618,6718
6618,6518
6619,6620
6619,6618
6619,6719
6619,6519
6620,6621
6620,6619
6620,6720
6620,6520
6621,6622
6621,6620
6621,6721
6621,6521
6622,6623
6622,6621
6622,6722
6622,6522
6623,6624
6623,6622
6623,6723
6623,6523
6624,6625
6624,6623
6624,6724
6624,6524
6625,6626
6625,6624
6625,6725
6625,6525
6626,6627
6626,6625
6626,6726
6626,6526
6627,6628
6627,6626
6627,6727
6627,6527
6628,6629
6628,6627
6628,6728
6628,6528
6629,6630
6629,6628
6629,6729
6629,6529
6630,6631
6630,6629
6630,6730
6630,6530
6631,6632
6631,6630
6631,6731
6631,6531
6632,6633
6632,6631
6632,6732
6632,6532
6633,6634
6633,6632
6633,6733
6633,6533
6634,6635
6634,6633
6634,6734
6634,6534
6635,6636
6635,6634
6635,6735
6635,6535
6636,6637
6636,6635
6636,6736
6636,6536
6637,6638
6637,6636
6637,6737
6637,6537
6638,6639
6638,6637
6638,6738
6638,6538
6639,6640
6639,6638
6639,6739
6639,6539
6640,6641
6640,6639
6640,6740
6640,6540
6641,6642
6641,6640
6641,6741
6641,6541
6642,6643
6642,6641
6642,6742
6642,6542
6643,6644
6643,6642
6643,6743
6643,6543
6644,6645
6644,6643
6644,6744
6644,6544
6645,6646
6645,6644
6645,6745
6645,6545
6646,6647
6646,6645
6646,6746
6646,6546
6647,6648
6647,6646
6647,6747
6647,6547
6648,6649
6648,6647
6648,6748
6648,6548
6649,6650
6649,6648
6649,6749
6649,6549
6650,6651
6650,6649
6650,6750
6650,6550
6651,6652
6651,6650
6651,6751
6651,6551
6652,6653
6652,6651
6652,6752
6652,6552
6653,6654
6653,6652
6653,6753
6653,6553
6654,6655
6654,6653
6654,6754
6654,6554
6655,6656
6655,6654
6655,6755
6655,6555
6656,6657
6656,6655
6656,6756
6656,6556
6657,6658
6657,6656
6657,6757
6657,6557
6658,6659
6658,6657
6658,6758
6658,6558
6659,6660
6659,6658
6659,6759
6659,6559
6660,6661
6660,6659
6660,6760
6660,6560
6661,6662
6661,6660
6661,6761
6661,6561
6662,6663
6662,6661
6662,6762
6662,6562
6663,6664
6663,6662
6663,6763
6663,6563
6664,6665
6664,6663
6664,6764
6664,6564
6665,6666
6665,6664
6665,6765
6665,6565
6666,6667
6666,6665
6666,6766
6666,6566
6667,6668
6667,6666
6667,6767
6667,6567
6668,6669
6668,6667
6668,6768
6668,6568
6669,6670
6669,6668
6669,6769
6669,6569
6670,6671
6670,6669
6670,6770
6670,6570
6671,6672
6671,6670
6671,6771
6671,6571
6672,6673
6672,6671
6672,6772
6672,6572
6673,6674
6673,6672
6673,6773
6673,6573
6674,6675
6674,6673
6674,6774
6674,6574
6675,6676
6675,6674
6675,6775
6675,6575
6676,6677
6676,6675
6676,6776
6676,6576
6677,6678
6677,6676
6677,6777
6677,6577
6678,6679
6678,6677
6678,6778
6678,6578
6679,6680
6679,6678
6679,6779
6679,6579
6680,6681
6680,6679
6680,6780
6680,6580
6681,6682
6681,6680
6681,6781
6681,6581
6682,6683
6682,6681
6682,6782
6682,6582
6683,6684
6683,6682
6683,6783
6683,6583
6684,6685
6684,6683
6684,6784
6684,6584
6685,6686
6685,6684
6685,6785
6685,6585
6686,6687
6686,6685
6686,6786
6686,6586
6687,6688
6687,6686
6687,6787
6687,6587
6688,6689
6688,6687
6688,6788
6688,6588
6689,6690
6689,6688
6689,6789
6689,6589
6690,6691
6690,6689
6690,6790
6690,6590
6691,6692
6691,6690
6691,6791
6691,6591
6692,6693
6692,6691
6692,6792
6692,6592
6693,6694
6693,6692
6693,6793
6693,6593
6694,6695
6694,6693
6694,6794
6694,6594
6695,6696
6695,6694
6695,6795
6695,6595
6696,6697
6696,6695
6696,6796
6696,6596
6697,6698
6697,6696
6697,6797
6697,6597
6698,6699
6698,6697
6698,6798
6698,6598
6699,6700
6699,6698
6699,6799
6699,6599
6700,6699
6700,6800
6700,6600
6701,6702
6701,6801
6701,6601
6702,6703
6702,6701
6702,6802
6702,6602
6703,6704
6703,6702
6703,6803
6703,6603
6704,6705
6704,6703
6704,6804
6704,6604
6705,6706
6705,6704
6705,6805
6705,6605
6706,6707
6706,6705
6706,6806
6706,6606
6707,6708
6707,6706
6707,6807
6707,6607
6708,6709
6708,6707
6708,6808
6708,6608
6709,6710
6709,6708
6709,6809
6709,6609
6710,6711
6710,6709
6710,6810
6710,6610
6711,6712
6711,6710
6711,6811
6711,6611
6712,6713
6712,6711
6712,6812
6712,6612
6713,6714
6713,6712
6713,6813
6713,6613
6714,6715
6714,6713
6714,6814
6714,6614
6715,6716
6715,6714
6715,6815
6715,6615
6716,6717
6716,6715
6716,6816
6716,6616
6717,6718
6717,6716
6717,6817
6717,6617
6718,6719
6718,6717
6718,6818
6718,6618
6719,6720
6719,6718
6719,6819
6719,6619
6720,6721
6720,6719
6720,6820
6720,6620
6721,6722
6721,6720
6721,6821
6721,6621
6722,6723
6722,6721
6722,6822
6722,6622
6723,6724
6723,6722
6723,6823
6723,6623
6724,6725
6724,6723
6724,6824
6724,6624
6725,6726
6725,6724
6725,6825
6725,6625
6726,6727
6726,6725
6726,6826
6726,6626
6727,6728
6727,6726
6727,6827
6727,6627
6728,6729
6728,6727
6728,6828
6728,6628
6729,6730
6729,6728
6729,6829
6729,6629
6730,6731
6730,6729
6730,6830
6730,6630
6731,6732
6731,6730
6731,6831
6731,6631
6732,6733
6732,6731
6732,6832
6732,6632
6733,6734
6733,6732
6733,6833
6733,6633
6734,6735
6734,6733
6734,6834
6734,6634
6735,6736
6735,6734
6735,6835
6735,6635
6736,6737
6736,6735
6736,6836
6736,6636
6737,6738
6737,6736
6737,6837
6737,6637
6738,6739
6738,6737
6738,6838
6738,6638
6739,6740
6739,6738
6739,6839
6739,6639
6740,6741
6740,6739
6740,6840
6740,6640
6741,6742
6741,6740
6741,6841
6741,6641
6742,6743
6742,6741
6742,6842
6742,6642
6743,6744
6743,6742
6743,6843
6743,6643
6744,6745
6744,6743
6744,6844
6744,6644
6745,6746
6745,6744
6745,6845
6745,6645
6746,6747
6746,6745
6746,6846
6746,6646
6747,6748
6747,6746
6747,6847
6747,6647
6748,6749
6748,6747
6748,6848
6748,6648
6749,6750
6749,6748
6749,6849
6749,6649
6750,6751
6750,6749
6750,6850
6750,6650
6751,6752
6751,6750
6751,6851
6751,6651
6752,6753
6752,6751
6752,6852
6752,6652
6753,6754
6753,6752
6753,6853
6753,6653
6754,6755
6754,6753
6754,6854
6754,6654
6755,6756
6755,6754
6755,6855
6755,6655
6756,6757
6756,6755
6756,6856
6756,6656
6757,6758
6757,6756
6757,6857
6757,6657
6758,6759
6758,6757
6758,6858
6758,6658
6759,6760
6759,6758
6759,6859
6759,6659
6760,6761
6760,6759
6760,6860
6760,6660
6761,6762
6761,6760
6761,6861
6761,6661
6762,6763
6762,6761
6762,6862
6762,6662
6763,6764
6763,6762
6763,6863
6763,6663
6764,6765
6764,6763
6764,6864
6764,6664
6765,6766
6765,6764
6765,6865
6765,6665
6766,6767
6766,6765
6766,6866
6766,6666
6767,6768
6767,6766
6767,6867
6767,6667
6768,6769
6768,6767
6768,6868
6768,6668
6769,6770
6769,6768
6769,6869
6769,6669
6770,6771
6770,6769
6770,6870
6770,6670
6771,6772
6771,6770
6771,6871
6771,6671
6772,6773
6772,6771
6772,6872
6772,6672
6773,6774
6773,6772
6773,6873
6773,6673
6774,6775
6774,6773
6774,6874
6774,6674
6775,6776
6775,6774
6775,6875
6775,6675
6776,6777
6776,6775
6776,6876
6776,6676
6777,6778
6777,6776
6777,6877
6777,6677
6778,6779
6778,6777
6778,6878
6778,6678
6779,6780
6779,6778
6779,6879
6779,6679
6780,6781
6780,6779
6780,6880
6780,6680
6781,6782
6781,6780
6781,6881
6781,6681
6782,6783
6782,6781
6782,6882
6782,6682
6783,6784
6783,6782
6783,6883
6783,6683
6784,6785
6784,6783
6784,6884
6784,6684
6785,6786
6785,6784
6785,6885
6785,6685
6786,6787
6786,6785
6786,6886
6786,6686
6787,6788
6787,6786
6787,6887
6787,6687
6788,6789
6788,6787
6788,6888
6788,6688
6789,6790
6789,6788
6789,6889
6789,6689
6790,6791
6790,6789
6790,6890
6790,6690
6791,6792
6791,6790
6791,6891
6791,6691
6792,6793
6792,6791
6792,6892
6792,6692
6793,6794
6793,6792
6793,6893
6793,6693
6794,6795
6794,6793
6794,6894
6794,6694
6795,6796
6795,6794
6795,6895
6795,6695
6796,6797
6796,6795
6796,6896
6796,6696
6797,6798
6797,6796
6797,6897
6797,6697
6798,6799
6798,6797
6798,6898
6798,6698
6799,6800
6799,6798
6799,6899
6799,6699
6800,6799
6800,6900
6800,6700
6801,6802
6801,6901
6801,6701
6802,6803
6802,6801
6802,6902
6802,6702
6803,6804
6803,6802
6803,6903
6803,6703
6804,6805
6804,6803
6804,6904
6804,6704
6805,6806
6805,6804
6805,6905
6805,6705
6806,6807
6806,6805
6806,6906
6806,6706
6807,6808
6807,6806
6807,6907
6807,6707
6808,6809
6808,6807
6808,6908
6808,6708
6809,6810
6809,6808
6809,6909
6809,6709
6810,6811
6810,6809
6810,6910
6810,6710
6811,6812
6811,6810
6811,6911
6811,6711
6812,6813
6812,6811
6812,6912
6812,6712
6813,6814
6813,6812
6813,6913
6813,6713
6814,6815
6814,6813
6814,6914
6814,6714
6815,6816
6815,6814
6815,6915
6815,6715
6816,6817
6816,6815
6816,6916
6816,6716
6817,6818
6817,6816
6817,6917
6817,6717
6818,6819
6818,6817
6818,6918
6818,6718
6819,6820
6819,6818
6819,6919
6819,6719
6820,6821
6820,6819
6820,6920
6820,6720
6821,6822
6821,6820
6821,6921
6821,6721
6822,6823
6822,6821
6822,6922
6822,6722
6823,6824
6823,6822
6823,6923
6823,6723
6824,6825
6824,6823
6824,6924
6824,6724
6825,6826
6825,6824
6825,6925
6825,6725
6826,6827
6826,6825
6826,6926
6826,6726
6827,6828
6827,6826
6827,6927
6827,6727
6828,6829
6828,6827
6828,6928
6828,6728
6829,6830
6829,6828
6829,6929
6829,6729
6830,6831
6830,6829
6830,6930
6830,6730
6831,6832
6831,6830
6831,6931
6831,6731
6832,6833
6832,6831
6832,6932
6832,6732
6833,6834
6833,6832
6833,6933
6833,6733
6834,6835
6834,6833
6834,6934
6834,6734
6835,6836
6835,6834
6835,6935
6835,6735
6836,6837
6836,6835
6836,6936
6836,6736
6837,6838
6837,6836
6837,6937
6837,6737
6838,6839
6838,6837
6838,6938
6838,6738
6839,6840
6839,6838
6839,6939
6839,6739
6840,6841
6840,6839
6840,6940
6840,6740
6841,6842
6841,6840
6841,6941
6841,6741
6842,6843
6842,6841
6842,6942
6842,6742
6843,6844
6843,6842
6843,6943
6843,6743
6844,6845
6844,6843
6844,6944
6844,6744
6845,6846
6845,6844
6845,6945
6845,6745
6846,6847
6846,6845
6846,6946
6846,6746
6847,6848
6847,6846
6847,6947
6847,6747
6848,6849
6848,6847
6848,6948
6848,6748
6849,6850
6849,6848
6849,6949
6849,6749
6850,6851
6850,6849
6850,6950
6850,6750
6851,6852
6851,6850
6851,6951
6851,6751
6852,6853
6852,6851
6852,6952
6852,6752
6853,6854
6853,6852
6853,6953
6853,6753
6854,6855
6854,6853
6854,6954
6854,6754
6855,6856
6855,6854
6855,6955
6855,6755
6856,6857
6856,6855
6856,6956
6856,6756
6857,6858
6857,6856
6857,6957
6857,6757
6858,6859
6858,6857
6858,6958
6858,6758
6859,6860
6859,6858
6859,6959
6859,6759
6860,6861
6860,6859
6860,6960
6860,6760
6861,6862
6861,6860
6861,6961
6861,6761
6862,6863
6862,6861
6862,6962
6862,6762
6863,6864
6863,6862
6863,6963
6863,6763
6864,6865
6864,6863
6864,6964
6864,6764
6865,6866
6865,6864
6865,6965
6865,6765
6866,6867
6866,6865
6866,6966
6866,6766
6867,6868
6867,6866
6867,6967
6867,6767
6868,6869
6868,6867
6868,6968
6868,6768
6869,6870
6869,6868
6869,6969
6869,6769
6870,6871
6870,6869
6870,6970
6870,6770
6871,6872
6871,6870
6871,6971
6871,6771
6872,6873
6872,6871
6872,6972
6872,6772
6873,6874
6873,6872
6873,6973
6873,6773
6874,6875
6874,6873
6874,6974
6874,6774
6875,6876
6875,6874
6875,6975
6875,6775
6876,6877
6876,6875
6876,6976
6876,6776
6877,6878
6877,6876
6877,6977
6877,6777
6878,6879
6878,6877
6878,6978
6878,6778
6879,6880
6879,6878
6879,6979
6879,6779
6880,6881
6880,6879
6880,6980
6880,6780
6881,6882
6881,6880
6881,6981
6881,6781
6882,6883
6882,6881
6882,6982
6882,6782
6883,6884
6883,6882
6883,6983
6883,6783
6884,6885
6884,6883
6884,6984
6884,6784
6885,6886
6885,6884
6885,6985
6885,6785
6886,6887
6886,6885
6886,6986
6886,6786
6887,6888
6887,6886
6887,6987
6887,6787
6888,6889
6888,6887
6888,6988
6888,6788
6889,6890
6889,6888
6889,6989
6889,6789
6890,6891
6890,6889
6890,6990
6890,6790
6891,6892
6891,6890
6891,6991
6891,6791
6892,6893
6892,6891
6892,6992
6892,6792
6893,6894
6893,6892
6893,6993
6893,6793
6894,6895
6894,6893
6894,6994
6894,6794
6895,6896
6895,6894
6895,6995
6895,6795
6896,6897
6896,6895
6896,6996
6896,6796
6897,6898
6897,6896
6897,6997
6897,6797
6898,6899
6898,6897
6898,6998
6898,6798
6899,6900
6899,6898
6899,6999
6899,6799
6900,6899
6900,7000
6900,6800
6901,6902
6901,7001
6901,6801
6902,6903
6902,6901
6902,7002
6902,6802
6903,6904
6903,6902
6903,7003
6903,6803
6904,6905
6904,6903
6904,7004
6904,6804
6905,6906
6905,6904
6905,7005
6905,6805
6906,6907
6906,6905
6906,7006
6906,6806
6907,6908
6907,6906
6907,7007
6907,6807
6908,6909
6908,6907
6908,7008
6908,6808
6909,6910
6909,6908
6909,7009
6909,6809
6910,6911
6910,6909
6910,7010
6910,6810
6911,6912
6911,6910
6911,7011
6911,6811
6912,6913
6912,6911
6912,7012
6912,6812
6913,6914
6913,6912
6913,7013
6913,6813
6914,6915
6914,6913
6914,7014
6914,6814
6915,6916
6915,6914
6915,7015
6915,6815
6916,6917
6916,6915
6916,7016
6916,6816
6917,6918
6917,6916
6917,7017
6917,6817
6918,6919
6918,6917
6918,7018
6918,6818
6919,6920
6919,6918
6919,7019
6919,6819
6920,6921
6920,6919
6920,7020
6920,6820
6921,6922
6921,6920
6921,7021
6921,6821
6922,6923
6922,6921
6922,7022
6922,6822
6923,6924
6923,6922
6923,7023
6923,6823
6924,6925
6924,6923
6924,7024
6924,6824
6925,6926
6925,6924
6925,7025
6925,6825
6926,6927
6926,6925
6926,7026
6926,6826
6927,6928
6927,6926
6927,7027
6927,6827
6928,6929
6928,6927
6928,7028
6928,6828
6929,6930
6929,6928
6929,7029
6929,6829
6930,6931
6930,6929
6930,7030
6930,6830
6931,6932
6931,6930
6931,7031
6931,6831
6932,6933
6932,6931
6932,7032
6932,6832
6933,6934
6933,6932
6933,7033
6933,6833
6934,6935
6934,6933
6934,7034
6934,6834
6935,6936
6935,6934
6935,7035
6935,6835
6936,6937
6936,6935
6936,7036
6936,6836
6937,6938
6937,6936
6937,7037
6937,6837
6938,6939
6938,6937
6938,7038
6938,6838
6939,6940
6939,6938
6939,7039
6939,6839
6940,6941
6940,6939
6940,7040
6940,6840
6941,6942
6941,6940
6941,7041
6941,6841
6942,6943
6942,6941
6942,7042
6942,6842
6943,6944
6943,6942
6943,7043
6943,6843
6944,6945
6944,6943
6944,7044
6944,6844
6945,6946
6945,6944
6945,7045
6945,6845
6946,6947
6946,6945
6946,7046
6946,6846
6947,6948
6947,6946
6947,7047
6947,6847
6948,6949
6948,6947
6948,7048
6948,6848
6949,6950
6949,6948
6949,7049
6949,6849
6950,6951
6950,6949
6950,7050
6950,6850
6951,6952
6951,6950
6951,7051
6951,6851
6952,6953
6952,6951
6952,7052
6952,6852
6953,6954
6953,6952
6953,7053
6953,6853
6954,6955
6954,6953
6954,7054
6954,6854
6955,6956
6955,6954
6955,7055
6955,6855
6956,6957
6956,6955
6956,7056
6956,6856
6957,6958
6957,6956
6957,7057
6957,6857
6958,6959
6958,6957
6958,7058
6958,6858
6959,6960
6959,6958
6959,7059
6959,6859
6960,6961
6960,6959
6960,7060
6960,6860
6961,6962
6961,6960
6961,7061
6961,6861
6962,6963
6962,6961
6962,7062
6962,6862
6963,6964
6963,6962
6963,7063
6963,6863
6964,6965
6964,6963
6964,7064
6964,6864
6965,6966
6965,6964
6965,7065
6965,6865
6966,6967
6966,6965
6966,7066
6966,6866
6967,6968
6967,6966
6967,7067
6967,6867
6968,6969
6968,6967
6968,7068
6968,6868
6969,6970
6969,6968
6969,7069
6969,6869
6970,6971
6970,6969
6970,7070
6970,6870
6971,6972
6971,6970
6971,7071
6971,6871
6972,6973
6972,6971
6972,7072
6972,6872
6973,6974
6973,6972
6973,7073
6973,6873
6974,6975
6974,6973
6974,7074
6974,6874
6975,6976
6975,6974
6975,7075
6975,6875
6976,6977
6976,6975
6976,7076
6976,6876
6977,6978
6977,6976
6977,7077
6977,6877
6978,6979
6978,6977
6978,7078
6978,6878
6979,6980
6979,6978
6979,7079
6979,6879
6980,6981
6980,6979
6980,7080
6980,6880
6981,6982
6981,6980
6981,7081
6981,6881
6982,6983
6982,6981
6982,7082
6982,6882
6983,6984
6983,6982
6983,7083
6983,6883
6984,6985
6984,6983
6984,7084
6984,6884
6985,6986
6985,6984
6985,7085
6985,6885
6986,6987
6986,6985
6986,7086
6986,6886
6987,6988
6987,6986
6987,7087
6987,6887
6988,6989
6988,6987
6988,7088
6988,6888
6989,6990
6989,6988
6989,7089
6989,6889
6990,6991
6990,6989
6990,7090
6990,6890
6991,6992
6991,6990
6991,7091
6991,6891
6992,6993
6992,6991
6992,7092
6992,6892
6993,6994
6993,6992
6993,7093
6993,6893
6994,6995
6994,6993
6994,7094
6994,6894
6995,6996
6995,6994
6995,7095
6995,6895
6996,6997
6996,6995
6996,7096
6996,6896
6997,6998
6997,6996
6997,7097
6997,6897
6998,6999
6998,6997
6998,7098
6998,6898
6999,7000
6999,6998
6999,7099
6999,6899
7000,6999
7000,7100
7000,6900
7001,7002
7001,7101
7001,6901
7002,7003
7002,7001
7002,7102
7002,6902
7003,7004
7003,7002
7003,7103
7003,6903
7004,7005
7004,7003
7004,7104
7004,6904
7005,7006
7005,7004
7005,7105
7005,6905
7006,7007
7006,7005
7006,7106
7006,6906
7007,7008
7007,7006
7007,7107
7007,6907
7008,7009
7008,7007
7008,7108
7008,6908
7009,7010
7009,7008
7009,7109
7009,6909
7010,7011
7010,7009
7010,7110
7010,6910
7011,7012
7011,7010
7011,7111
7011,6911
7012,7013
7012,7011
7012,7112
7012,6912
7013,7014
7013,7012
7013,7113
7013,6913
7014,7015
7014,7013
7014,7114
7014,6914
7015,7016
7015,7014
7015,7115
7015,6915
7016,7017
7016,7015
7016,7116
7016,6916
7017,7018
7017,7016
7017,7117
7017,6917
7018,7019
7018,7017
7018,7118
7018,6918
7019,7020
7019,7018
7019,7119
7019,6919
7020,7021
7020,7019
7020,7120
7020,6920
7021,7022
7021,7020
7021,7121
7021,6921
7022,7023
7022,7021
7022,7122
7022,6922
7023,7024
7023,7022
7023,7123
7023,6923
7024,7025
7024,7023
7024,7124
7024,6924
7025,7026
7025,7024
7025,7125
7025,6925
7026,7027
7026,7025
7026,7126
7026,6926
7027,7028
7027,7026
7027,7127
7027,6927
7028,7029
7028,7027
7028,7128
7028,6928
7029,7030
7029,7028
7029,7129
7029,6929
7030,7031
7030,7029
7030,7130
7030,6930
7031,7032
7031,7030
7031,7131
7031,6931
7032,7033
7032,7031
7032,7132
7032,6932
7033,7034
7033,7032
7033,7133
7033,6933
7034,7035
7034,7033
7034,7134
7034,6934
7035,7036
7035,7034
7035,7135
7035,6935
7036,7037
7036,7035
7036,7136
7036,6936
7037,7038
7037,7036
7037,7137
7037,6937
7038,7039
7038,7037
7038,7138
7038,6938
7039,7040
7039,7038
7039,7139
7039,6939
7040,7041
7040,7039
7040,7140
7040,6940
7041,7042
7041,7040
7041,7141
7041,6941
7042,7043
7042,7041
7042,7142
7042,6942
7043,7044
7043,7042
7043,7143
7043,6943
7044,7045
7044,7043
7044,7144
7044,6944
7045,7046
7045,7044
7045,7145
7045,6945
7046,7047
7046,7045
7046,7146
7046,6946
7047,7048
7047,7046
7047,7147
7047,6947
7048,7049
7048,7047
7048,7148
7048,6948
7049,7050
7049,7048
7049,7149
7049,6949
7050,7051
7050,7049
7050,7150
7050,6950
7051,7052
7051,7050
7051,7151
7051,6951
7052,7053
7052,7051
7052,7152
7052,6952
7053,7054
7053,7052
7053,7153
7053,6953
7054,7055
7054,7053
7054,7154
7054,6954
7055,7056
7055,7054
7055,7155
7055,6955
7056,7057
7056,7055
7056,7156
7056,6956
7057,7058
7057,7056
7057,7157
7057,6957
7058,7059
7058,7057
7058,7158
7058,6958
7059,7060
7059,7058
7059,7159
7059,6959
7060,7061
7060,7059
7060,7160
7060,6960
7061,7062
7061,7060
7061,7161
7061,6961
7062,7063
7062,7061
7062,7162
7062,6962
7063,7064
7063,7062
7063,7163
7063,6963
7064,7065
7064,7063
7064,7164
7064,6964
7065,7066
7065,7064
7065,7165
7065,6965
7066,7067
7066,7065
7066,7166
7066,6966
7067,7068
7067,7066
7067,7167
7067,6967
7068,7069
7068,7067
7068,7168
7068,6968
7069,7070
7069,7068
7069,7169
7069,6969
7070,7071
7070,7069
7070,7170
7070,6970
7071,7072
7071,7070
7071,7171
7071,6971
7072,7073
7072,7071
7072,7172
7072,6972
7073,7074
7073,7072
7073,7173
7073,6973
7074,7075
7074,7073
7074,7174
7074,6974
7075,7076
7075,7074
7075,7175
7075,6975
7076,7077
7076,7075
7076,7176
7076,6976
7077,7078
7077,7076
7077,7177
7077,6977
7078,7079
7078,7077
7078,7178
7078,6978
7079,7080
7079,7078
7079,7179
7079,6979
7080,7081
7080,7079
7080,7180
7080,6980
7081,7082
7081,7080
7081,7181
7081,6981
7082,7083
7082,7081
7082,7182
7082,6982
7083,7084
7083,7082
7083,7183
7083,6983
7084,7085
7084,7083
7084,7184
7084,6984
7085,7086
7085,7084
7085,7185
7085,6985
7086,7087
7086,7085
7086,7186
7086,6986
7087,7088
7087,7086
7087,7187
7087,6987
7088,7089
7088,7087
7088,7188
7088,6988
7089,7090
7089,7088
7089,7189
7089,6989
7090,7091
7090,7089
7090,7190
7090,6990
7091,7092
7091,7090
7091,7191
7091,6991
7092,7093
7092,7091
7092,7192
7092,6992
7093,7094
7093,7092
7093,7193
7093,6993
7094,7095
7094,7093
7094,7194
7094,6994
7095,7096
7095,7094
7095,7195
7095,6995
7096,7097
7096,7095
7096,7196
7096,6996
7097,7098
7097,7096
7097,7197
7097,6997
7098,7099
7098,7097
7098,7198
7098,6998
7099,7100
7099,7098
7099,7199
7099,6999
7100,7099
7100,7200
7100,7000
7101,7102
7101,7201
7101,7001
7102,7103
7102,7101
7102,7202
7102,7002
7103,7104
7103,7102
7103,7203
7103,7003
7104,7105
7104,7103
7104,7204
7104,7004
7105,7106
7105,7104
7105,7205
7105,7005
7106,7107
7106,7105
7106,7206
7106,7006
7107,7108
7107,7106
7107,7207
7107,7007
7108,7109
7108,7107
7108,7208
7108,7008
7109,7110
7109,7108
7109,7209
7109,7009
7110,7111
7110,7109
7110,7210
7110,7010
7111,7112
7111,7110
7111,7211
7111,7011
7112,7113
7112,7111
7112,7212
7112,7012
7113,7114
7113,7112
7113,7213
7113,7013
7114,7115
7114,7113
7114,7214
7114,7014
7115,7116
7115,7114
7115,7215
7115,7015
7116,7117
7116,7115
7116,7216
7116,7016
7117,7118
7117,7116
7117,7217
7117,7017
7118,7119
7118,7117
7118,7218
7118,7018
7119,7120
7119,7118
7119,7219
7119,7019
7120,7121
7120,7119
7120,7220
7120,7020
7121,7122
7121,7120
7121,7221
7121,7021
7122,7123
7122,7121
7122,7222
7122,7022
7123,7124
7123,7122
7123,7223
7123,7023
7124,7125
7124,7123
7124,7224
7124,7024
7125,7126
7125,7124
7125,7225
7125,7025
7126,7127
7126,7125
7126,7226
7126,7026
7127,7128
7127,7126
7127,7227
7127,7027
7128,7129
7128,7127
7128,7228
7128,7028
7129,7130
7129,7128
7129,7229
7129,7029
7130,7131
7130,7129
7130,7230
7130,7030
7131,7132
7131,7130
7131,7231
7131,7031
7132,7133
7132,7131
7132,7232
7132,7032
7133,7134
7133,7132
7133,7233
7133,7033
7134,7135
7134,7133
7134,7234
7134,7034
7135,7136
7135,7134
7135,7235
7135,7035
7136,7137
7136,7135
7136,7236
7136,7036
7137,7138
7137,7136
7137,7237
7137,7037
7138,7139
7138,7137
7138,7238
7138,7038
7139,7140
7139,7138
7139,7239
7139,7039
7140,7141
7140,7139
7140,7240
7140,7040
7141,7142
7141,7140
7141,7241
7141,7041
7142,7143
7142,7141
7142,7242
7142,7042
7143,7144
7143,7142
7143,7243
7143,7043
7144,7145
7144,7143
7144,7244
7144,7044
7145,7146
7145,7144
7145,7245
7145,7045
7146,7147
7146,7145
7146,7246
7146,7046
7147,7148
7147,7146
7147,7247
7147,7047
7148,7149
7148,7147
7148,7248
7148,7048
7149,7150
7149,7148
7149,7249
7149,7049
7150,7151
7150,7149
7150,7250
7150,7050
7151,7152
7151,7150
7151,7251
7151,7051
7152,7153
7152,7151
7152,7252
7152,7052
7153,7154
7153,7152
7153,7253
7153,7053
7154,7155
7154,7153
7154,7254
7154,7054
7155,7156
7155,7154
7155,7255
7155,7055
7156,7157
7156,7155
7156,7256
7156,7056
7157,7158
7157,7156
7157,7257
7157,7057
7158,7159
7158,7157
7158,7258
7158,7058
7159,7160
7159,7158
7159,7259
7159,7059
7160,7161
7160,7159
7160,7260
7160,7060
7161,7162
7161,7160
7161,7261
7161,7061
7162,7163
7162,7161
7162,7262
7162,7062
7163,7164
7163,7162
7163,7263
7163,7063
7164,7165
7164,7163
7164,7264
7164,7064
7165,7166
7165,7164
7165,7265
7165,7065
7166,7167
7166,7165
7166,7266
7166,7066
7167,7168
7167,7166
7167,7267
7167,7067
7168,7169
7168,7167
7168,7268
7168,7068
7169,7170
7169,7168
7169,7269
7169,7069
7170,7171
7170,7169
7170,7270
7170,7070
7171,7172
7171,7170
7171,7271
7171,7071
7172,7173
7172,7171
7172,7272
7172,7072
7173,7174
7173,7172
7173,7273
7173,7073
7174,7175
7174,7173
7174,7274
7174,7074
7175,7176
7175,7174
7175,7275
7175,7075
7176,7177
7176,7175
7176,7276
7176,7076
7177,7178
7177,7176
7177,7277
7177,7077
7178,7179
7178,7177
7178,7278
7178,7078
7179,7180
7179,7178
7179,7279
7179,7079
7180,7181
7180,7179
7180,7280
7180,7080
7181,7182
7181,7180
7181,7281
7181,7081
7182,7183
7182,7181
7182,7282
7182,7082
7183,7184
7183,7182
7183,7283
7183,7083
7184,7185
7184,7183
7184,7284
7184,7084
7185,7186
7185,7184
7185,7285
7185,7085
7186,7187
7186,7185
7186,7286
7186,7086
7187,7188
7187,7186
7187,7287
7187,7087
7188,7189
7188,7187
7188,7288
7188,7088
7189,7190
7189,7188
7189,7289
7189,7089
7190,7191
7190,7189
7190,7290
7190,7090
7191,7192
7191,7190
7191,7291
7191,7091
7192,7193
7192,7191
7192,7292
7192,7092
7193,7194
7193,7192
7193,7293
7193,7093
7194,7195
7194,7193
7194,7294
7194,7094
7195,7196
7195,7194
7195,7295
7195,7095
7196,7197
7196,7195
7196,7296
7196,7096
7197,7198
7197,7196
7197,7297
7197,7097
7198,7199
7198,7197
7198,7298
7198,7098
7199,7200
7199,7198
7199,7299
7199,7099
7200,7199
7200,7300
7200,7100
7201,7202
7201,7301
7201,7101
7202,7203
7202,7201
7202,7302
7202,7102
7203,7204
7203,7202
7203,7303
7203,7103
7204,7205
7204,7203
7204,7304
7204,7104
7205,7206
7205,7204
7205,7305
7205,7105
7206,7207
7206,7205
7206,7306
7206,7106
7207,7208
7207,7206
7207,7307
7207,7107
7208,7209
7208,7207
7208,7308
7208,7108
7209,7210
7209,7208
7209,7309
7209,7109
7210,7211
7210,7209
7210,7310
7210,7110
7211,7212
7211,7210
7211,7311
7211,7111
7212,7213
7212,7211
7212,7312
7212,7112
7213,7214
7213,7212
7213,7313
7213,7113
7214,7215
7214,7213
7214,7314
7214,7114
7215,7216
7215,7214
7215,7315
7215,7115
7216,7217
7216,7215
7216,7316
7216,7116
7217,7218
7217,7216
7217,7317
7217,7117
7218,7219
7218,7217
7218,7318
7218,7118
7219,7220
7219,7218
7219,7319
7219,7119
7220,7221
7220,7219
7220,7320
7220,7120
7221,7222
7221,7220
7221,7321
7221,7121
7222,7223
7222,7221
7222,7322
7222,7122
7223,7224
7223,7222
7223,7323
7223,7123
7224,7225
7224,7223
7224,7324
7224,7124
7225,7226
7225,7224
7225,7325
7225,7125
7226,7227
7226,7225
7226,7326
7226,7126
7227,7228
7227,7226
7227,7327
7227,7127
7228,7229
7228,7227
7228,7328
7228,7128
7229,7230
7229,7228
7229,7329
7229,7129
7230,7231
7230,7229
7230,7330
7230,7130
7231,7232
7231,7230
7231,7331
7231,7131
7232,7233
7232,7231
7232,7332
7232,7132
7233,7234
7233,7232
7233,7333
7233,7133
7234,7235
7234,7233
7234,7334
7234,7134
7235,7236
7235,7234
7235,7335
7235,7135
7236,7237
7236,7235
7236,7336
7236,7136
7237,7238
7237,7236
7237,7337
7237,7137
7238,7239
7238,7237
7238,7338
7238,7138
7239,7240
7239,7238
7239,7339
7239,7139
7240,7241
7240,7239
7240,7340
7240,7140
7241,7242
7241,7240
7241,7341
7241,7141
7242,7243
7242,7241
7242,7342
7242,7142
7243,7244
7243,7242
7243,7343
7243,7143
7244,7245
7244,7243
7244,7344
7244,7144
7245,7246
7245,7244
7245,7345
7245,7145
7246,7247
7246,7245
7246,7346
7246,7146
7247,7248
7247,7246
7247,7347
7247,7147
7248,7249
7248,7247
7248,7348
7248,7148
7249,7250
7249,7248
7249,7349
7249,7149
7250,7251
7250,7249
7250,7350
7250,7150
7251,7252
7251,7250
7251,7351
7251,7151
7252,7253
7252,7251
7252,7352
7252,7152
7253,7254
7253,7252
7253,7353
7253,7153
7254,7255
7254,7253
7254,7354
7254,7154
7255,7256
7255,7254
7255,7355
7255,7155
7256,7257
7256,7255
7256,7356
7256,7156
7257,7258
7257,7256
7257,7357
7257,7157
7258,7259
7258,7257
7258,7358
7258,7158
7259,7260
7259,7258
7259,7359
7259,7159
7260,7261
7260,7259
7260,7360
7260,7160
7261,7262
7261,7260
7261,7361
7261,7161
7262,7263
7262,7261
7262,7362
7262,7162
7263,7264
7263,7262
7263,7363
7263,7163
7264,7265
7264,7263
7264,7364
7264,7164
7265,7266
7265,7264
7265,7365
7265,7165
7266,7267
7266,7265
7266,7366
7266,7166
7267,7268
7267,7266
7267,7367
7267,7167
7268,7269
7268,7267
7268,7368
7268,7168
7269,7270
7269,7268
7269,7369
7269,7169
7270,7271
7270,7269
7270,7370
7270,7170
7271,7272
7271,7270
7271,7371
7271,7171
7272,7273
7272,7271
7272,7372
7272,7172
7273,7274
7273,7272
7273,7373
7273,7173
7274,7275
7274,7273
7274,7374
7274,7174
7275,7276
7275,7274
7275,7375
7275,7175
7276,7277
7276,7275
7276,7376
7276,7176
7277,7278
7277,7276
7277,7377
7277,7177
7278,7279
7278,7277
7278,7378
7278,7178
7279,7280
7279,7278
7279,7379
7279,7179
7280,7281
7280,7279
7280,7380
7280,7180
7281,7282
7281,7280
7281,7381
7281,7181
7282,7283
7282,7281
7282,7382
7282,7182
7283,7284
7283,7282
7283,7383
7283,7183
7284,7285
7284,7283
7284,7384
7284,7184
7285,7286
7285,7284
7285,7385
7285,7185
7286,7287
7286,7285
7286,7386
7286,7186
7287,7288
7287,7286
7287,7387
7287,7187
7288,7289
7288,7287
7288,7388
7288,7188
7289,7290
7289,7288
7289,7389
7289,7189
7290,7291
7290,7289
7290,7390
7290,7190
7291,7292
7291,7290
7291,7391
7291,7191
7292,7293
7292,7291
7292,7392
7292,7192
7293,7294
7293,7292
7293,7393
7293,7193
7294,7295
7294,7293
7294,7394
7294,7194
7295,7296
7295,7294
7295,7395
7295,7195
7296,7297
7296,7295
7296,7396
7296,7196
7297,7298
7297,7296
7297,7397
7297,7197
7298,7299
7298,7297
7298,7398
7298,7198
7299,7300
7299,7298
7299,7399
7299,7199
7300,7299
7300,7400
7300,7200
7301,7302
7301,7401
7301,7201
7302,7303
7302,7301
7302,7402
7302,7202
7303,7304
7303,7302
7303,7403
7303,7203
7304,7305
7304,7303
7304,7404
7304,7204
7305,7306
7305,7304
7305,7405
7305,7205
7306,7307
7306,7305
7306,7406
7306,7206
7307,7308
7307,7306
7307,7407
7307,7207
7308,7309
7308,7307
7308,7408
7308,7208
7309,7310
7309,7308
7309,7409
7309,7209
7310,7311
7310,7309
7310,7410
7310,7210
7311,7312
7311,7310
7311,7411
7311,7211
7312,7313
7312,7311
7312,7412
7312,7212
7313,7314
7313,7312
7313,7413
7313,7213
7314,7315
7314,7313
7314,7414
7314,7214
7315,7316
7315,7314
7315,7415
7315,7215
7316,7317
7316,7315
7316,7416
7316,7216
7317,7318
7317,7316
7317,7417
7317,7217
7318,7319
7318,7317
7318,7418
7318,7218
7319,7320
7319,7318
7319,7419
7319,7219
7320,7321
7320,7319
7320,7420
7320,7220
7321,7322
7321,7320
7321,7421
7321,7221
7322,7323
7322,7321
7322,7422
7322,7222
7323,7324
7323,7322
7323,7423
7323,7223
7324,7325
7324,7323
7324,7424
7324,7224
7325,7326
7325,7324
7325,7425
7325,7225
7326,7327
7326,7325
7326,7426
7326,7226
7327,7328
7327,7326
7327,7427
7327,7227
7328,7329
7328,7327
7328,7428
7328,7228
7329,7330
7329,7328
7329,7429
7329,7229
7330,7331
7330,7329
7330,7430
7330,7230
7331,7332
7331,7330
7331,7431
7331,7231
7332,7333
7332,7331
7332,7432
7332,7232
7333,7334
7333,7332
7333,7433
7333,7233
7334,7335
7334,7333
7334,7434
7334,7234
7335,7336
7335,7334
7335,7435
7335,7235
7336,7337
7336,7335
7336,7436
7336,7236
7337,7338
7337,7336
7337,7437
7337,7237
7338,7339
7338,7337
7338,7438
7338,7238
7339,7340
7339,7338
7339,7439
7339,7239
7340,7341
7340,7339
7340,7440
7340,7240
7341,7342
7341,7340
7341,7441
7341,7241
7342,7343
7342,7341
7342,7442
7342,7242
7343,7344
7343,7342
7343,7443
7343,7243
7344,7345
7344,7343
7344,7444
7344,7244
7345,7346
7345,7344
7345,7445
7345,7245
7346,7347
7346,7345
7346,7446
7346,7246
7347,7348
7347,7346
7347,7447
7347,7247
7348,7349
7348,7347
7348,7448
7348,7248
7349,7350
7349,7348
7349,7449
7349,7249
7350,7351
7350,7349
7350,7450
7350,7250
7351,7352
7351,7350
7351,7451
7351,7251
7352,7353
7352,7351
7352,7452
7352,7252
7353,7354
7353,7352
7353,7453
7353,7253
7354,7355
7354,7353
7354,7454
7354,7254
7355,7356
7355,7354
7355,7455
7355,7255
7356,7357
7356,7355
7356,7456
7356,7256
7357,7358
7357,7356
7357,7457
7357,7257
7358,7359
7358,7357
7358,7458
7358,7258
7359,7360
7359,7358
7359,7459
7359,7259
7360,7361
7360,7359
7360,7460
7360,7260
7361,7362
7361,7360
7361,7461
7361,7261
7362,7363
7362,7361
7362,7462
7362,7262
7363,7364
7363,7362
7363,7463
7363,7263
7364,7365
7364,7363
7364,7464
7364,7264
7365,7366
7365,7364
7365,7465
7365,7265
7366,7367
7366,7365
7366,7466
7366,7266
7367,7368
7367,7366
7367,7467
7367,7267
7368,7369
7368,7367
7368,7468
7368,7268
7369,7370
7369,7368
7369,7469
7369,7269
7370,7371
7370,7369
7370,7470
7370,7270
7371,7372
7371,7370
7371,7471
7371,7271
7372,7373
7372,7371
7372,7472
7372,7272
7373,7374
7373,7372
7373,7473
7373,7273
7374,7375
7374,7373
7374,7474
7374,7274
7375,7376
7375,7374
7375,7475
7375,7275
7376,7377
7376,7375
7376,7476
7376,7276
7377,7378
7377,7376
7377,7477
7377,7277
7378,7379
7378,7377
7378,7478
7378,7278
7379,7380
7379,7378
7379,7479
7379,7279
7380,7381
7380,7379
7380,7480
7380,7280
7381,7382
7381,7380
7381,7481
7381,7281
7382,7383
7382,7381
7382,7482
7382,7282
7383,7384
7383,7382
7383,7483
7383,7283
7384,7385
7384,7383
7384,7484
7384,7284
7385,7386
7385,7384
7385,7485
7385,7285
7386,7387
7386,7385
7386,7486
7386,7286
7387,7388
7387,7386
7387,7487
7387,7287
7388,7389
7388,7387
7388,7488
7388,7288
7389,7390
7389,7388
7389,7489
7389,7289
7390,7391
7390,7389
7390,7490
7390,7290
7391,7392
7391,7390
7391,7491
7391,7291
7392,7393
7392,7391
7392,7492
7392,7292
7393,7394
7393,7392
7393,7493
7393,7293
7394,7395
7394,7393
7394,7494
7394,7294
7395,7396
7395,7394
7395,7495
7395,7295
7396,7397
7396,7395
7396,7496
7396,7296
7397,7398
7397,7396
7397,7497
7397,7297
7398,7399
7398,7397
7398,7498
7398,7298
7399,7400
7399,7398
7399,7499
7399,7299
7400,7399
7400,7500
7400,7300
7401,7402
7401,7501
7401,7301
7402,7403
7402,7401
7402,7502
7402,7302
7403,7404
7403,7402
7403,7503
7403,7303
7404,7405
7404,7403
7404,7504
7404,7304
7405,7406
7405,7404
7405,7505
7405,7305
7406,7407
7406,7405
7406,7506
7406,7306
7407,7408
7407,7406
7407,7507
7407,7307
7408,7409
7408,7407
7408,7508
7408,7308
7409,7410
7409,7408
7409,7509
7409,7309
7410,7411
7410,7409
7410,7510
7410,7310
7411,7412
7411,7410
7411,7511
7411,7311
7412,7413
7412,7411
7412,7512
7412,7312
7413,7414
7413,7412
7413,7513
7413,7313
7414,7415
7414,7413
7414,7514
7414,7314
7415,7416
7415,7414
7415,7515
7415,7315
7416,7417
7416,7415
7416,7516
7416,7316
7417,7418
7417,7416
7417,7517
7417,7317
7418,7419
7418,7417
7418,7518
7418,7318
7419,7420
7419,7418
7419,7519
7419,7319
7420,7421
7420,7419
7420,7520
7420,7320
7421,7422
7421,7420
7421,7521
7421,7321
7422,7423
7422,7421
7422,7522
7422,7322
7423,7424
7423,7422
7423,7523
7423,7323
7424,7425
7424,7423
7424,7524
7424,7324
7425,7426
7425,7424
7425,7525
7425,7325
7426,7427
7426,7425
7426,7526
7426,7326
7427,7428
7427,7426
7427,7527
7427,7327
7428,7429
7428,7427
7428,7528
7428,7328
7429,7430
7429,7428
7429,7529
7429,7329
7430,7431
7430,7429
7430,7530
7430,7330
7431,7432
7431,7430
7431,7531
7431,7331
7432,7433
7432,7431
7432,7532
7432,7332
7433,7434
7433,7432
7433,7533
7433,7333
7434,7435
7434,7433
7434,7534
7434,7334
7435,7436
7435,7434
7435,7535
7435,7335
7436,7437
7436,7435
7436,7536
7436,7336
7437,7438
7437,7436
7437,7537
7437,7337
7438,7439
7438,7437
7438,7538
7438,7338
7439,7440
7439,7438
7439,7539
7439,7339
7440,7441
7440,7439
7440,7540
7440,7340
7441,7442
7441,7440
7441,7541
7441,7341
7442,7443
7442,7441
7442,7542
7442,7342
7443,7444
7443,7442
7443,7543
7443,7343
7444,7445
7444,7443
7444,7544
7444,7344
7445,7446
7445,7444
7445,7545
7445,7345
7446,7447
7446,7445
7446,7546
7446,7346
7447,7448
7447,7446
7447,7547
7447,7347
7448,7449
7448,7447
7448,7548
7448,7348
7449,7450
7449,7448
7449,7549
7449,7349
7450,7451
7450,7449
7450,7550
7450,7350
7451,7452
7451,7450
7451,7551
7451,7351
7452,7453
7452,7451
7452,7552
7452,7352
7453,7454
7453,7452
7453,7553
7453,7353
7454,7455
7454,7453
7454,7554
7454,7354
7455,7456
7455,7454
7455,7555
7455,7355
7456,7457
7456,7455
7456,7556
7456,7356
7457,7458
7457,7456
7457,7557
7457,7357
7458,7459
7458,7457
7458,7558
7458,7358
7459,7460
7459,7458
7459,7559
7459,7359
7460,7461
7460,7459
7460,7560
7460,7360
7461,7462
7461,7460
7461,7561
7461,7361
7462,7463
7462,7461
7462,7562
7462,7362
7463,7464
7463,7462
7463,7563
7463,7363
7464,7465
7464,7463
7464,7564
7464,7364
7465,7466
7465,7464
7465,7565
7465,7365
7466,7467
7466,7465
7466,7566
7466,7366
7467,7468
7467,7466
7467,7567
7467,7367
7468,7469
7468,7467
7468,7568
7468,7368
7469,7470
7469,7468
7469,7569
7469,7369
7470,7471
7470,7469
7470,7570
7470,7370
7471,7472
7471,7470
7471,7571
7471,7371
7472,7473
7472,7471
7472,7572
7472,7372
7473,7474
7473,7472
7473,7573
7473,7373
7474,7475
7474,7473
7474,7574
7474,7374
7475,7476
7475,7474
7475,7575
7475,7375
7476,7477
7476,7475
7476,7576
7476,7376
7477,7478
7477,7476
7477,7577
7477,7377
7478,7479
7478,7477
7478,7578
7478,7378
7479,7480
7479,7478
7479,7579
7479,7379
7480,7481
7480,7479
7480,7580
7480,7380
7481,7482
7481,7480
7481,7581
7481,7381
7482,7483
7482,7481
7482,7582
7482,7382
7483,7484
7483,7482
7483,7583
7483,7383
7484,7485
7484,7483
7484,7584
7484,7384
7485,7486
7485,7484
7485,7585
7485,7385
7486,7487
7486,7485
7486,7586
7486,7386
7487,7488
7487,7486
7487,7587
7487,7387
7488,7489
7488,7487
7488,7588
7488,7388
7489,7490
7489,7488
7489,7589
7489,7389
7490,7491
7490,7489
7490,7590
7490,7390
7491,7492
7491,7490
7491,7591
7491,7391
7492,7493
7492,7491
7492,7592
7492,7392
7493,7494
7493,7492
7493,7593
7493,7393
7494,7495
7494,7493
7494,7594
7494,7394
7495,7496
7495,7494
7495,7595
7495,7395
7496,7497
7496,7495
7496,7596
7496,7396
7497,7498
7497,7496
7497,7597
7497,7397
7498,7499
7498,7497
7498,7598
7498,7398
7499,7500
7499,7498
7499,7599
7499,7399
7500,7499
7500,7600
7500,7400
7501,7502
7501,7601
7501,7401
7502,7503
7502,7501
7502,7602
7502,7402
7503,7504
7503,7502
7503,7603
7503,7403
7504,7505
7504,7503
7504,7604
7504,7404
7505,7506
7505,7504
7505,7605
7505,7405
7506,7507
7506,7505
7506,7606
7506,7406
7507,7508
7507,7506
7507,7607
7507,7407
7508,7509
7508,7507
7508,7608
7508,7408
7509,7510
7509,7508
7509,7609
7509,7409
7510,7511
7510,7509
7510,7610
7510,7410
7511,7512
7511,7510
7511,7611
7511,7411
7512,7513
7512,7511
7512,7612
7512,7412
7513,7514
7513,7512
7513,7613
7513,7413
7514,7515
7514,7513
7514,7614
7514,7414
7515,7516
7515,7514
7515,7615
7515,7415
7516,7517
7516,7515
7516,7616
7516,7416
7517,7518
7517,7516
7517,7617
7517,7417
7518,7519
7518,7517
7518,7618
7518,7418
7519,7520
7519,7518
7519,7619
7519,7419
7520,7521
7520,7519
7520,7620
7520,7420
7521,7522
7521,7520
7521,7621
7521,7421
7522,7523
7522,7521
7522,7622
7522,7422
7523,7524
7523,7522
7523,7623
7523,7423
7524,7525
7524,7523
7524,7624
7524,7424
7525,7526
7525,7524
7525,7625
7525,7425
7526,7527
7526,7525
7526,7626
7526,7426
7527,7528
7527,7526
7527,7627
7527,7427
7528,7529
7528,7527
7528,7628
7528,7428
7529,7530
7529,7528
7529,7629
7529,7429
7530,7531
7530,7529
7530,7630
7530,7430
7531,7532
7531,7530
7531,7631
7531,7431
7532,7533
7532,7531
7532,7632
7532,7432
7533,7534
7533,7532
7533,7633
7533,7433
7534,7535
7534,7533
7534,7634
7534,7434
7535,7536
7535,7534
7535,7635
7535,7435
7536,7537
7536,7535
7536,7636
7536,7436
7537,7538
7537,7536
7537,7637
7537,7437
7538,7539
7538,7537
7538,7638
7538,7438
7539,7540
7539,7538
7539,7639
7539,7439
7540,7541
7540,7539
7540,7640
7540,7440
7541,7542
7541,7540
7541,7641
7541,7441
7542,7543
7542,7541
7542,7642
7542,7442
7543,7544
7543,7542
7543,7643
7543,7443
7544,7545
7544,7543
7544,7644
7544,7444
7545,7546
7545,7544
7545,7645
7545,7445
7546,7547
7546,7545
7546,7646
7546,7446
7547,7548
7547,7546
7547,7647
7547,7447
7548,7549
7548,7547
7548,7648
7548,7448
7549,7550
7549,7548
7549,7649
7549,7449
7550,7551
7550,7549
7550,7650
7550,7450
7551,7552
7551,7550
7551,7651
7551,7451
7552,7553
7552,7551
7552,7652
7552,7452
7553,7554
7553,7552
7553,7653
7553,7453
7554,7555
7554,7553
7554,7654
7554,7454
7555,7556
7555,7554
7555,7655
7555,7455
7556,7557
7556,7555
7556,7656
7556,7456
7557,7558
7557,7556
7557,7657
7557,7457
7558,7559
7558,7557
7558,7658
7558,7458
7559,7560
7559,7558
7559,7659
7559,7459
7560,7561
7560,7559
7560,7660
7560,7460
7561,7562
7561,7560
7561,7661
7561,7461
7562,7563
7562,7561
7562,7662
7562,7462
7563,7564
7563,7562
7563,7663
7563,7463
7564,7565
7564,7563
7564,7664
7564,7464
7565,7566
7565,7564
7565,7665
7565,7465
7566,7567
7566,7565
7566,7666
7566,7466
7567,7568
7567,7566
7567,7667
7567,7467
7568,7569
7568,7567
7568,7668
7568,7468
7569,7570
7569,7568
7569,7669
7569,7469
7570,7571
7570,7569
7570,7670
7570,7470
7571,7572
7571,7570
7571,7671
7571,7471
7572,7573
7572,7571
7572,7672
7572,7472
7573,7574
7573,7572
7573,7673
7573,7473
7574,7575
7574,7573
7574,7674
7574,7474
7575,7576
7575,7574
7575,7675
7575,7475
7576,7577
7576,7575
7576,7676
7576,7476
7577,7578
7577,7576
7577,7677
7577,7477
7578,7579
7578,7577
7578,7678
7578,7478
7579,7580
7579,7578
7579,7679
7579,7479
7580,7581
7580,7579
7580,7680
7580,7480
7581,7582
7581,7580
7581,7681
7581,7481
7582,7583
7582,7581
7582,7682
7582,7482
7583,7584
7583,7582
7583,7683
7583,7483
7584,7585
7584,7583
7584,7684
7584,7484
7585,7586
7585,7584
7585,7685
7585,7485
7586,7587
7586,7585
7586,7686
7586,7486
7587,7588
7587,7586
7587,7687
7587,7487
7588,7589
7588,7587
7588,7688
7588,7488
7589,7590
7589,7588
7589,7689
7589,7489
7590,7591
7590,7589
7590,7690
7590,7490
7591,7592
7591,7590
7591,7691
7591,7491
7592,7593
7592,7591
7592,7692
7592,7492
7593,7594
7593,7592
7593,7693
7593,7493
7594,7595
7594,7593
7594,7694
7594,7494
7595,7596
7595,7594
7595,7695
7595,7495
7596,7597
7596,7595
7596,7696
7596,7496
7597,7598
7597,7596
7597,7697
7597,7497
7598,7599
7598,7597
7598,7698
7598,7498
7599,7600
7599,7598
7599,7699
7599,7499
7600,7599
7600,7700
7600,7500
7601,7602
7601,7701
7601,7501
7602,7603
7602,7601
7602,7702
7602,7502
7603,7604
7603,7602
7603,7703
7603,7503
7604,7605
7604,7603
7604,7704
7604,7504
7605,7606
7605,7604
7605,7705
7605,7505
7606,7607
7606,7605
7606,7706
7606,7506
7607,7608
7607,7606
7607,7707
7607,7507
7608,7609
7608,7607
7608,7708
7608,7508
7609,7610
7609,7608
7609,7709
7609,7509
7610,7611
7610,7609
7610,7710
7610,7510
7611,7612
7611,7610
7611,7711
7611,7511
7612,7613
7612,7611
7612,7712
7612,7512
7613,7614
7613,7612
7613,7713
7613,7513
7614,7615
7614,7613
7614,7714
7614,7514
7615,7616
7615,7614
7615,7715
7615,7515
7616,7617
7616,7615
7616,7716
7616,7516
7617,7618
7617,7616
7617,7717
7617,7517
7618,7619
7618,7617
7618,7718
7618,7518
7619,7620
7619,7618
7619,7719
7619,7519
7620,7621
7620,7619
7620,7720
7620,7520
7621,7622
7621,7620
7621,7721
7621,7521
7622,7623
7622,7621
7622,7722
7622,7522
7623,7624
7623,7622
7623,7723
7623,7523
7624,7625
7624,7623
7624,7724
7624,7524
7625,7626
7625,7624
7625,7725
7625,7525
7626,7627
7626,7625
7626,7726
7626,7526
7627,7628
7627,7626
7627,7727
7627,7527
7628,7629
7628,7627
7628,7728
7628,7528
7629,7630
7629,7628
7629,7729
7629,7529
7630,7631
7630,7629
7630,7730
7630,7530
7631,7632
7631,7630
7631,7731
7631,7531
7632,7633
7632,7631
7632,7732
7632,7532
7633,7634
7633,7632
7633,7733
7633,7533
7634,7635
7634,7633
7634,7734
7634,7534
7635,7636
7635,7634
7635,7735
7635,7535
7636,7637
7636,7635
7636,7736
7636,7536
7637,7638
7637,7636
7637,7737
7637,7537
7638,7639
7638,7637
7638,7738
7638,7538
7639,7640
7639,7638
7639,7739
7639,7539
7640,7641
7640,7639
7640,7740
7640,7540
7641,7642
7641,7640
7641,7741
7641,7541
7642,7643
7642,7641
7642,7742
7642,7542
7643,7644
7643,7642
7643,7743
7643,7543
7644,7645
7644,7643
7644,7744
7644,7544
7645,7646
7645,7644
7645,7745
7645,7545
7646,7647
7646,7645
7646,7746
7646,7546
7647,7648
7647,7646
7647,7747
7647,7547
7648,7649
7648,7647
7648,7748
7648,7548
7649,7650
7649,7648
7649,7749
7649,7549
7650,7651
7650,7649
7650,7750
7650,7550
7651,7652
7651,7650
7651,7751
7651,7551
7652,7653
7652,7651
7652,7752
7652,7552
7653,7654
7653,7652
7653,7753
7653,7553
7654,7655
7654,7653
7654,7754
7654,7554
7655,7656
7655,7654
7655,7755
7655,7555
7656,7657
7656,7655
7656,7756
7656,7556
7657,7658
7657,7656
7657,7757
7657,7557
7658,7659
7658,7657
7658,7758
7658,7558
7659,7660
7659,7658
7659,7759
7659,7559
7660,7661
7660,7659
7660,7760
7660,7560
7661,7662
7661,7660
7661,7761
7661,7561
7662,7663
7662,7661
7662,7762
7662,7562
7663,7664
7663,7662
7663,7763
7663,7563
7664,7665
7664,7663
7664,7764
7664,7564
7665,7666
7665,7664
7665,7765
7665,7565
7666,7667
7666,7665
7666,7766
7666,7566
7667,7668
7667,7666
7667,7767
7667,7567
7668,7669
7668,7667
7668,7768
7668,7568
7669,7670
7669,7668
7669,7769
7669,7569
7670,7671
7670,7669
7670,7770
7670,7570
7671,7672
7671,7670
7671,7771
7671,7571
7672,7673
7672,7671
7672,7772
7672,7572
7673,7674
7673,7672
7673,7773
7673,7573
7674,7675
7674,7673
7674,7774
7674,7574
7675,7676
7675,7674
7675,7775
7675,7575
7676,7677
7676,7675
7676,7776
7676,7576
7677,7678
7677,7676
7677,7777
7677,7577
7678,7679
7678,7677
7678,7778
7678,7578
7679,7680
7679,7678
7679,7779
7679,7579
7680,7681
7680,7679
7680,7780
7680,7580
7681,7682
7681,7680
7681,7781
7681,7581
7682,7683
7682,7681
7682,7782
7682,7582
7683,7684
7683,7682
7683,7783
7683,7583
7684,7685
7684,7683
7684,7784
7684,7584
7685,7686
7685,7684
7685,7785
7685,7585
7686,7687
7686,7685
7686,7786
7686,7586
7687,7688
7687,7686
7687,7787
7687,7587
7688,7689
7688,7687
7688,7788
7688,7588
7689,7690
7689,7688
7689,7789
7689,7589
7690,7691
7690,7689
7690,7790
7690,7590
7691,7692
7691,7690
7691,7791
7691,7591
7692,7693
7692,7691
7692,7792
7692,7592
7693,7694
7693,7692
7693,7793
7693,7593
7694,7695
7694,7693
7694,7794
7694,7594
7695,7696
7695,7694
7695,7795
7695,7595
7696,7697
7696,7695
7696,7796
7696,7596
7697,7698
7697,7696
7697,7797
7697,7597
7698,7699
7698,7697
7698,7798
7698,7598
7699,7700
7699,7698
7699,7799
7699,7599
7700,7699
7700,7800
7700,7600
7701,7702
7701,7801
7701,7601
7702,7703
7702,7701
7702,7802
7702,7602
7703,7704
7703,7702
7703,7803
7703,7603
7704,7705
7704,7703
7704,7804
7704,7604
7705,7706
7705,7704
7705,7805
7705,7605
7706,7707
7706,7705
7706,7806
7706,7606
7707,7708
7707,7706
7707,7807
7707,7607
7708,7709
7708,7707
7708,7808
7708,7608
7709,7710
7709,7708
7709,7809
7709,7609
7710,7711
7710,7709
7710,7810
7710,7610
7711,7712
7711,7710
7711,7811
7711,7611
7712,7713
7712,7711
7712,7812
7712,7612
7713,7714
7713,7712
7713,7813
7713,7613
7714,7715
7714,7713
7714,7814
7714,7614
7715,7716
7715,7714
7715,7815
7715,7615
7716,7717
7716,7715
7716,7816
7716,7616
7717,7718
7717,7716
7717,7817
7717,7617
7718,7719
7718,7717
7718,7818
7718,7618
7719,7720
7719,7718
7719,7819
7719,7619
7720,7721
7720,7719
7720,7820
7720,7620
7721,7722
7721,7720
7721,7821
7721,7621
7722,7723
7722,7721
7722,7822
7722,7622
7723,7724
7723,7722
7723,7823
7723,7623
7724,7725
7724,7723
7724,7824
7724,7624
7725,7726
7725,7724
7725,7825
7725,7625
7726,7727
7726,7725
7726,7826
7726,7626
7727,7728
7727,7726
7727,7827
7727,7627
7728,7729
7728,7727
7728,7828
7728,7628
7729,7730
7729,7728
7729,7829
7729,7629
7730,7731
7730,7729
7730,7830
7730,7630
7731,7732
7731,7730
7731,7831
7731,7631
7732,7733
7732,7731
7732,7832
7732,7632
7733,7734
7733,7732
7733,7833
7733,7633
7734,7735
7734,7733
7734,7834
7734,7634
7735,7736
7735,7734
7735,7835
7735,7635
7736,7737
7736,7735
7736,7836
7736,7636
7737,7738
7737,7736
7737,7837
7737,7637
7738,7739
7738,7737
7738,7838
7738,7638
7739,7740
7739,7738
7739,7839
7739,7639
7740,7741
7740,7739
7740,7840
7740,7640
7741,7742
7741,7740
7741,7841
7741,7641
7742,7743
7742,7741
7742,7842
7742,7642
7743,7744
7743,7742
7743,7843
7743,7643
7744,7745
7744,7743
7744,7844
7744,7644
7745,7746
7745,7744
7745,7845
7745,7645
7746,7747
7746,7745
7746,7846
7746,7646
7747,7748
7747,7746
7747,7847
7747,7647
7748,7749
7748,7747
7748,7848
7748,7648
7749,7750
7749,7748
7749,7849
7749,7649
7750,7751
7750,7749
7750,7850
7750,7650
7751,7752
7751,7750
7751,7851
7751,7651
7752,7753
7752,7751
7752,7852
7752,7652
7753,7754
7753,7752
7753,7853
7753,7653
7754,7755
7754,7753
7754,7854
7754,7654
7755,7756
7755,7754
7755,7855
7755,7655
7756,7757
7756,7755
7756,7856
7756,7656
7757,7758
7757,7756
7757,7857
7757,7657
7758,7759
7758,7757
7758,7858
7758,7658
7759,7760
7759,7758
7759,7859
7759,7659
7760,7761
7760,7759
7760,7860
7760,7660
7761,7762
7761,7760
7761,7861
7761,7661
7762,7763
7762,7761
7762,7862
7762,7662
7763,7764
7763,7762
7763,7863
7763,7663
7764,7765
7764,7763
7764,7864
7764,7664
7765,7766
7765,7764
7765,7865
7765,7665
7766,7767
7766,7765
7766,7866
7766,7666
7767,7768
7767,7766
7767,7867
7767,7667
7768,7769
7768,7767
7768,7868
7768,7668
7769,7770
7769,7768
7769,7869
7769,7669
7770,7771
7770,7769
7770,7870
7770,7670
7771,7772
7771,7770
7771,7871
7771,7671
7772,7773
7772,7771
7772,7872
7772,7672
7773,7774
7773,7772
7773,7873
7773,7673
7774,7775
7774,7773
7774,7874
7774,7674
7775,7776
7775,7774
7775,7875
7775,7675
7776,7777
7776,7775
7776,7876
7776,7676
7777,7778
7777,7776
7777,7877
7777,7677
7778,7779
7778,7777
7778,7878
7778,7678
7779,7780
7779,7778
7779,7879
7779,7679
7780,7781
7780,7779
7780,7880
7780,7680
7781,7782
7781,7780
7781,7881
7781,7681
7782,7783
7782,7781
7782,7882
7782,7682
7783,7784
7783,7782
7783,7883
7783,7683
7784,7785
7784,7783
7784,7884
7784,7684
7785,7786
7785,7784
7785,7885
7785,7685
7786,7787
7786,7785
7786,7886
7786,7686
7787,7788
7787,7786
7787,7887
7787,7687
7788,7789
7788,7787
7788,7888
7788,7688
7789,7790
7789,7788
7789,7889
7789,7689
7790,7791
7790,7789
7790,7890
7790,7690
7791,7792
7791,7790
7791,7891
7791,7691
7792,7793
7792,7791
7792,7892
7792,7692
7793,7794
7793,7792
7793,7893
7793,7693
7794,7795
7794,7793
7794,7894
7794,7694
7795,7796
7795,7794
7795,7895
7795,7695
7796,7797
7796,7795
7796,7896
7796,7696
7797,7798
7797,7796
7797,7897
7797,7697
7798,7799
7798,7797
7798,7898
7798,7698
7799,7800
7799,7798
7799,7899
7799,7699
7800,7799
7800,7900
7800,7700
7801,7802
7801,7901
7801,7701
7802,7803
7802,7801
7802,7902
7802,7702
7803,7804
7803,7802
7803,7903
7803,7703
7804,7805
7804,7803
7804,7904
7804,7704
7805,7806
7805,7804
7805,7905
7805,7705
7806,7807
7806,7805
7806,7906
7806,7706
7807,7808
7807,7806
7807,7907
7807,7707
7808,7809
7808,7807
7808,7908
7808,7708
7809,7810
7809,7808
7809,7909
7809,7709
7810,7811
7810,7809
7810,7910
7810,7710
7811,7812
7811,7810
7811,7911
7811,7711
7812,7813
7812,7811
7812,7912
7812,7712
7813,7814
7813,7812
7813,7913
7813,7713
7814,7815
7814,7813
7814,7914
7814,7714
7815,7816
7815,7814
7815,7915
7815,7715
7816,7817
7816,7815
7816,7916
7816,7716
7817,7818
7817,7816
7817,7917
7817,7717
7818,7819
7818,7817
7818,7918
7818,7718
7819,7820
7819,7818
7819,7919
7819,7719
7820,7821
7820,7819
7820,7920
7820,7720
7821,7822
7821,7820
7821,7921
7821,7721
7822,7823
7822,7821
7822,7922
7822,7722
7823,7824
7823,7822
7823,7923
7823,7723
7824,7825
7824,7823
7824,7924
7824,7724
7825,7826
7825,7824
7825,7925
7825,7725
7826,7827
7826,7825
7826,7926
7826,7726
7827,7828
7827,7826
7827,7927
7827,7727
7828,7829
7828,7827
7828,7928
7828,7728
7829,7830
7829,7828
7829,7929
7829,7729
7830,7831
7830,7829
7830,7930
7830,7730
7831,7832
7831,7830
7831,7931
7831,7731
7832,7833
7832,7831
7832,7932
7832,7732
7833,7834
7833,7832
7833,7933
7833,7733
7834,7835
7834,7833
7834,7934
7834,7734
7835,7836
7835,7834
7835,7935
7835,7735
7836,7837
7836,7835
7836,7936
7836,7736
7837,7838
7837,7836
7837,7937
7837,7737
7838,7839
7838,7837
7838,7938
7838,7738
7839,7840
7839,7838
7839,7939
7839,7739
7840,7841
7840,7839
7840,7940
7840,7740
7841,7842
7841,7840
7841,7941
7841,7741
7842,7843
7842,7841
7842,7942
7842,7742
7843,7844
7843,7842
7843,7943
7843,7743
7844,7845
7844,7843
7844,7944
7844,7744
7845,7846
7845,7844
7845,7945
7845,7745
7846,7847
7846,7845
7846,7946
7846,7746
7847,7848
7847,7846
7847,7947
7847,7747
7848,7849
7848,7847
7848,7948
7848,7748
7849,7850
7849,7848
7849,7949
7849,7749
7850,7851
7850,7849
7850,7950
7850,7750
7851,7852
7851,7850
7851,7951
7851,7751
7852,7853
7852,7851
7852,7952
7852,7752
7853,7854
7853,7852
7853,7953
7853,7753
7854,7855
7854,7853
7854,7954
7854,7754
7855,7856
7855,7854
7855,7955
7855,7755
7856,7857
7856,7855
7856,7956
7856,7756
7857,7858
7857,7856
7857,7957
7857,7757
7858,7859
7858,7857
7858,7958
7858,7758
7859,7860
7859,7858
7859,7959
7859,7759
7860,7861
7860,7859
7860,7960
7860,7760
7861,7862
7861,7860
7861,7961
7861,7761
7862,7863
7862,7861
7862,7962
7862,7762
7863,7864
7863,7862
7863,7963
7863,7763
7864,7865
7864,7863
7864,7964
7864,7764
7865,7866
7865,7864
7865,7965
7865,7765
7866,7867
7866,7865
7866,7966
7866,7766
7867,7868
7867,7866
7867,7967
7867,7767
7868,7869
7868,7867
7868,7968
7868,7768
7869,7870
7869,7868
7869,7969
7869,7769
7870,7871
7870,7869
7870,7970
7870,7770
7871,7872
7871,7870
7871,7971
7871,7771
7872,7873
7872,7871
7872,7972
7872,7772
7873,7874
7873,7872
7873,7973
7873,7773
7874,7875
7874,7873
7874,7974
7874,7774
7875,7876
7875,7874
7875,7975
7875,7775
7876,7877
7876,7875
7876,7976
7876,7776
7877,7878
7877,7876
7877,7977
7877,7777
7878,7879
7878,7877
7878,7978
7878,7778
7879,7880
7879,7878
7879,7979
7879,7779
7880,7881
7880,7879
7880,7980
7880,7780
7881,7882
7881,7880
7881,7981
7881,7781
7882,7883
7882,7881
7882,7982
7882,7782
7883,7884
7883,7882
7883,7983
7883,7783
7884,7885
7884,7883
7884,7984
7884,7784
7885,7886
7885,7884
7885,7985
7885,7785
7886,7887
7886,7885
7886,7986
7886,7786
7887,7888
7887,7886
7887,7987
7887,7787
7888,7889
7888,7887
7888,7988
7888,7788
7889,7890
7889,7888
7889,7989
7889,7789
7890,7891
7890,7889
7890,7990
7890,7790
7891,7892
7891,7890
7891,7991
7891,7791
7892,7893
7892,7891
7892,7992
7892,7792
7893,7894
7893,7892
7893,7993
7893,7793
7894,7895
7894,7893
7894,7994
7894,7794
7895,7896
7895,7894
7895,7995
7895,7795
7896,7897
7896,7895
7896,7996
7896,7796
7897,7898
7897,7896
7897,7997
7897,7797
7898,7899
7898,7897
7898,7998
7898,7798
7899,7900
7899,7898
7899,7999
7899,7799
7900,7899
7900,8000
7900,7800
7901,7902
7901,8001
7901,7801
7902,7903
7902,7901
7902,8002
7902,7802
7903,7904
7903,7902
7903,8003
7903,7803
7904,7905
7904,7903
7904,8004
7904,7804
7905,7906
7905,7904
7905,8005
7905,7805
7906,7907
7906,7905
7906,8006
7906,7806
7907,7908
7907,7906
7907,8007
7907,7807
7908,7909
7908,7907
7908,8008
7908,7808
7909,7910
7909,7908
7909,8009
7909,7809
7910,7911
7910,7909
7910,8010
7910,7810
7911,7912
7911,7910
7911,8011
7911,7811
7912,7913
7912,7911
7912,8012
7912,7812
7913,7914
7913,7912
7913,8013
7913,7813
7914,7915
7914,7913
7914,8014
7914,7814
7915,7916
7915,7914
7915,8015
7915,7815
7916,7917
7916,7915
7916,8016
7916,7816
7917,7918
7917,7916
7917,8017
7917,7817
7918,7919
7918,7917
7918,8018
7918,7818
7919,7920
7919,7918
7919,8019
7919,7819
7920,7921
7920,7919
7920,8020
7920,7820
7921,7922
7921,7920
7921,8021
7921,7821
7922,7923
7922,7921
7922,8022
7922,7822
7923,7924
7923,7922
7923,8023
7923,7823
7924,7925
7924,7923
7924,8024
7924,7824
7925,7926
7925,7924
7925,8025
7925,7825
7926,7927
7926,7925
7926,8026
7926,7826
7927,7928
7927,7926
7927,8027
7927,7827
7928,7929
7928,7927
7928,8028
7928,7828
7929,7930
7929,7928
7929,8029
7929,7829
7930,7931
7930,7929
7930,8030
7930,7830
7931,7932
7931,7930
7931,8031
7931,7831
7932,7933
7932,7931
7932,8032
7932,7832
7933,7934
7933,7932
7933,8033
7933,7833
7934,7935
7934,7933
7934,8034
7934,7834
7935,7936
7935,7934
7935,8035
7935,7835
7936,7937
7936,7935
7936,8036
7936,7836
7937,7938
7937,7936
7937,8037
7937,7837
7938,7939
7938,7937
7938,8038
7938,7838
7939,7940
7939,7938
7939,8039
7939,7839
7940,7941
7940,7939
7940,8040
7940,7840
7941,7942
7941,7940
7941,8041
7941,7841
7942,7943
7942,7941
7942,8042
7942,7842
7943,7944
7943,7942
7943,8043
7943,7843
7944,7945
7944,7943
7944,8044
7944,7844
7945,7946
7945,7944
7945,8045
7945,7845
7946,7947
7946,7945
7946,8046
7946,7846
7947,7948
7947,7946
7947,8047
7947,7847
7948,7949
7948,7947
7948,8048
7948,7848
7949,7950
7949,7948
7949,8049
7949,7849
7950,7951
7950,7949
7950,8050
7950,7850
7951,7952
7951,7950
7951,8051
7951,7851
7952,7953
7952,7951
7952,8052
7952,7852
7953,7954
7953,7952
7953,8053
7953,7853
7954,7955
7954,7953
7954,8054
7954,7854
7955,7956
7955,7954
7955,8055
7955,7855
7956,7957
7956,7955
7956,8056
7956,7856
7957,7958
7957,7956
7957,8057
7957,7857
7958,7959
7958,7957
7958,8058
7958,7858
7959,7960
7959,7958
7959,8059
7959,7859
7960,7961
7960,7959
7960,8060
7960,7860
7961,7962
7961,7960
7961,8061
7961,7861
7962,7963
7962,7961
7962,8062
7962,7862
7963,7964
7963,7962
7963,8063
7963,7863
7964,7965
7964,7963
7964,8064
7964,7864
7965,7966
7965,7964
7965,8065
7965,7865
7966,7967
7966,7965
7966,8066
7966,7866
7967,7968
7967,7966
7967,8067
7967,7867
7968,7969
7968,7967
7968,8068
7968,7868
7969,7970
7969,7968
7969,8069
7969,7869
7970,7971
7970,7969
7970,8070
7970,7870
7971,7972
7971,7970
7971,8071
7971,7871
7972,7973
7972,7971
7972,8072
7972,7872
7973,7974
7973,7972
7973,8073
7973,7873
7974,7975
7974,7973
7974,8074
7974,7874
7975,7976
7975,7974
7975,8075
7975,7875
7976,7977
7976,7975
7976,8076
7976,7876
7977,7978
7977,7976
7977,8077
7977,7877
7978,7979
7978,7977
7978,8078
7978,7878
7979,7980
7979,7978
7979,8079
7979,7879
7980,7981
7980,7979
7980,8080
7980,7880
7981,7982
7981,7980
7981,8081
7981,7881
7982,7983
7982,7981
7982,8082
7982,7882
7983,7984
7983,7982
7983,8083
7983,7883
7984,7985
7984,7983
7984,8084
7984,7884
7985,7986
7985,7984
7985,8085
7985,7885
7986,7987
7986,7985
7986,8086
7986,7886
7987,7988
7987,7986
7987,8087
7987,7887
7988,7989
7988,7987
7988,8088
7988,7888
7989,7990
7989,7988
7989,8089
7989,7889
7990,7991
7990,7989
7990,8090
7990,7890
7991,7992
7991,7990
7991,8091
7991,7891
7992,7993
7992,7991
7992,8092
7992,7892
7993,7994
7993,7992
7993,8093
7993,7893
7994,7995
7994,7993
7994,8094
7994,7894
7995,7996
7995,7994
7995,8095
7995,7895
7996,7997
7996,7995
7996,8096
7996,7896
7997,7998
7997,7996
7997,8097
7997,7897
7998,7999
7998,7997
7998,8098
7998,7898
7999,8000
7999,7998
7999,8099
7999,7899
8000,7999
8000,8100
8000,7900
8001,8002
8001,8101
8001,7901
8002,8003
8002,8001
8002,8102
8002,7902
8003,8004
8003,8002
8003,8103
8003,7903
8004,8005
8004,8003
8004,8104
8004,7904
8005,8006
8005,8004
8005,8105
8005,7905
8006,8007
8006,8005
8006,8106
8006,7906
8007,8008
8007,8006
8007,8107
8007,7907
8008,8009
8008,8007
8008,8108
8008,7908
8009,8010
8009,8008
8009,8109
8009,7909
8010,8011
8010,8009
8010,8110
8010,7910
8011,8012
8011,8010
8011,8111
8011,7911
8012,8013
8012,8011
8012,8112
8012,7912
8013,8014
8013,8012
8013,8113
8013,7913
8014,8015
8014,8013
8014,8114
8014,7914
8015,8016
8015,8014
8015,8115
8015,7915
8016,8017
8016,8015
8016,8116
8016,7916
8017,8018
8017,8016
8017,8117
8017,7917
8018,8019
8018,8017
8018,8118
8018,7918
8019,8020
8019,8018
8019,8119
8019,7919
8020,8021
8020,8019
8020,8120
8020,7920
8021,8022
8021,8020
8021,8121
8021,7921
8022,8023
8022,8021
8022,8122
8022,7922
8023,8024
8023,8022
8023,8123
8023,7923
8024,8025
8024,8023
8024,8124
8024,7924
8025,8026
8025,8024
8025,8125
8025,7925
8026,8027
8026,8025
8026,8126
8026,7926
8027,8028
8027,8026
8027,8127
8027,7927
8028,8029
8028,8027
8028,8128
8028,7928
8029,8030
8029,8028
8029,8129
8029,7929
8030,8031
8030,8029
8030,8130
8030,7930
8031,8032
8031,8030
8031,8131
8031,7931
8032,8033
8032,8031
8032,8132
8032,7932
8033,8034
8033,8032
8033,8133
8033,7933
8034,8035
8034,8033
8034,8134
8034,7934
8035,8036
8035,8034
8035,8135
8035,7935
8036,8037
8036,8035
8036,8136
8036,7936
8037,8038
8037,8036
8037,8137
8037,7937
8038,8039
8038,8037
8038,8138
8038,7938
8039,8040
8039,8038
8039,8139
8039,7939
8040,8041
8040,8039
8040,8140
8040,7940
8041,8042
8041,8040
8041,8141
8041,7941
8042,8043
8042,8041
8042,8142
8042,7942
8043,8044
8043,8042
8043,8143
8043,7943
8044,8045
8044,8043
8044,8144
8044,7944
8045,8046
8045,8044
8045,8145
8045,7945
8046,8047
8046,8045
8046,8146
8046,7946
8047,8048
8047,8046
8047,8147
8047,7947
8048,8049
8048,8047
8048,8148
8048,7948
8049,8050
8049,8048
8049,8149
8049,7949
8050,8051
8050,8049
8050,8150
8050,7950
8051,8052
8051,8050
8051,8151
8051,7951
8052,8053
8052,8051
8052,8152
8052,7952
8053,8054
8053,8052
8053,8153
8053,7953
8054,8055
8054,8053
8054,8154
8054,7954
8055,8056
8055,8054
8055,8155
8055,7955
8056,8057
8056,8055
8056,8156
8056,7956
8057,8058
8057,8056
8057,8157
8057,7957
8058,8059
8058,8057
8058,8158
8058,7958
8059,8060
8059,8058
8059,8159
8059,7959
8060,8061
8060,8059
8060,8160
8060,7960
8061,8062
8061,8060
8061,8161
8061,7961
8062,8063
8062,8061
8062,8162
8062,7962
8063,8064
8063,8062
8063,8163
8063,7963
8064,8065
8064,8063
8064,8164
8064,7964
8065,8066
8065,8064
8065,8165
8065,7965
8066,8067
8066,8065
8066,8166
8066,7966
8067,8068
8067,8066
8067,8167
8067,7967
8068,8069
8068,8067
8068,8168
8068,7968
8069,8070
8069,8068
8069,8169
8069,7969
8070,8071
8070,8069
8070,8170
8070,7970
8071,8072
8071,8070
8071,8171
8071,7971
8072,8073
8072,8071
8072,8172
8072,7972
8073,8074
8073,8072
8073,8173
8073,7973
8074,8075
8074,8073
8074,8174
8074,7974
8075,8076
8075,8074
8075,8175
8075,7975
8076,8077
8076,8075
8076,8176
8076,7976
8077,8078
8077,8076
8077,8177
8077,7977
8078,8079
8078,8077
8078,8178
8078,7978
8079,8080
8079,8078
8079,8179
8079,7979
8080,8081
8080,8079
8080,8180
8080,7980
8081,8082
8081,8080
8081,8181
8081,7981
8082,8083
8082,8081
8082,8182
8082,7982
8083,8084
8083,8082
8083,8183
8083,7983
8084,8085
8084,8083
8084,8184
8084,7984
8085,8086
8085,8084
8085,8185
8085,7985
8086,8087
8086,8085
8086,8186
8086,7986
8087,8088
8087,8086
8087,8187
8087,7987
8088,8089
8088,8087
8088,8188
8088,7988
8089,8090
8089,8088
8089,8189
8089,7989
8090,8091
8090,8089
8090,8190
8090,7990
8091,8092
8091,8090
8091,8191
8091,7991
8092,8093
8092,8091
8092,8192
8092,7992
8093,8094
8093,8092
8093,8193
8093,7993
8094,8095
8094,8093
8094,8194
8094,7994
8095,8096
8095,8094
8095,8195
8095,7995
8096,8097
8096,8095
8096,8196
8096,7996
8097,8098
8097,8096
8097,8197
8097,7997
8098,8099
8098,8097
8098,8198
8098,7998
8099,8100
8099,8098
8099,8199
8099,7999
8100,8099
8100,8200
8100,8000
8101,8102
8101,8201
8101,8001
8102,8103
8102,8101
8102,8202
8102,8002
8103,8104
8103,8102
8103,8203
8103,8003
8104,8105
8104,8103
8104,8204
8104,8004
8105,8106
8105,8104
8105,8205
8105,8005
8106,8107
8106,8105
8106,8206
8106,8006
8107,8108
8107,8106
8107,8207
8107,8007
8108,8109
8108,8107
8108,8208
8108,8008
8109,8110
8109,8108
8109,8209
8109,8009
8110,8111
8110,8109
8110,8210
8110,8010
8111,8112
8111,8110
8111,8211
8111,8011
8112,8113
8112,8111
8112,8212
8112,8012
8113,8114
8113,8112
8113,8213
8113,8013
8114,8115
8114,8113
8114,8214
8114,8014
8115,8116
8115,8114
8115,8215
8115,8015
8116,8117
8116,8115
8116,8216
8116,8016
8117,8118
8117,8116
8117,8217
8117,8017
8118,8119
8118,8117
8118,8218
8118,8018
8119,8120
8119,8118
8119,8219
8119,8019
8120,8121
8120,8119
8120,8220
8120,8020
8121,8122
8121,8120
8121,8221
8121,8021
8122,8123
8122,8121
8122,8222
8122,8022
8123,8124
8123,8122
8123,8223
8123,8023
8124,8125
8124,8123
8124,8224
8124,8024
8125,8126
8125,8124
8125,8225
8125,8025
8126,8127
8126,8125
8126,8226
8126,8026
8127,8128
8127,8126
8127,8227
8127,8027
8128,8129
8128,8127
8128,8228
8128,8028
8129,8130
8129,8128
8129,8229
8129,8029
8130,8131
8130,8129
8130,8230
8130,8030
8131,8132
8131,8130
8131,8231
8131,8031
8132,8133
8132,8131
8132,8232
8132,8032
8133,8134
8133,8132
8133,8233
8133,8033
8134,8135
8134,8133
8134,8234
8134,8034
8135,8136
8135,8134
8135,8235
8135,8035
8136,8137
8136,8135
8136,8236
8136,8036
8137,8138
8137,8136
8137,8237
8137,8037
8138,8139
8138,8137
8138,8238
8138,8038
8139,8140
8139,8138
8139,8239
8139,8039
8140,8141
8140,8139
8140,8240
8140,8040
8141,8142
8141,8140
8141,8241
8141,8041
8142,8143
8142,8141
8142,8242
8142,8042
8143,8144
8143,8142
8143,8243
8143,8043
8144,8145
8144,8143
8144,8244
8144,8044
8145,8146
8145,8144
8145,8245
8145,8045
8146,8147
8146,8145
8146,8246
8146,8046
8147,8148
8147,8146
8147,8247
8147,8047
8148,8149
8148,8147
8148,8248
8148,8048
8149,8150
8149,8148
8149,8249
8149,8049
8150,8151
8150,8149
8150,8250
8150,8050
8151,8152
8151,8150
8151,8251
8151,8051
8152,8153
8152,8151
8152,8252
8152,8052
8153,8154
8153,8152
8153,8253
8153,8053
8154,8155
8154,8153
8154,8254
8154,8054
8155,8156
8155,8154
8155,8255
8155,8055
8156,8157
8156,8155
8156,8256
8156,8056
8157,8158
8157,8156
8157,8257
8157,8057
8158,8159
8158,8157
8158,8258
8158,8058
8159,8160
8159,8158
8159,8259
8159,8059
8160,8161
8160,8159
8160,8260
8160,8060
8161,8162
8161,8160
8161,8261
8161,8061
8162,8163
8162,8161
8162,8262
8162,8062
8163,8164
8163,8162
8163,8263
8163,8063
8164,8165
8164,8163
8164,8264
8164,8064
8165,8166
8165,8164
8165,8265
8165,8065
8166,8167
8166,8165
8166,8266
8166,8066
8167,8168
8167,8166
8167,8267
8167,8067
8168,8169
8168,8167
8168,8268
8168,8068
8169,8170
8169,8168
8169,8269
8169,8069
8170,8171
8170,8169
8170,8270
8170,8070
8171,8172
8171,8170
8171,8271
8171,8071
8172,8173
8172,8171
8172,8272
8172,8072
8173,8174
8173,8172
8173,8273
8173,8073
8174,8175
8174,8173
8174,8274
8174,8074
8175,8176
8175,8174
8175,8275
8175,8075
8176,8177
8176,8175
8176,8276
8176,8076
8177,8178
8177,8176
8177,8277
8177,8077
8178,8179
8178,8177
8178,8278
8178,8078
8179,8180
8179,8178
8179,8279
8179,8079
8180,8181
8180,8179
8180,8280
8180,8080
8181,8182
8181,8180
8181,8281
8181,8081
8182,8183
8182,8181
8182,8282
8182,8082
8183,8184
8183,8182
8183,8283
8183,8083
8184,8185
8184,8183
8184,8284
8184,8084
8185,8186
8185,8184
8185,8285
8185,8085
8186,8187
8186,8185
8186,8286
8186,8086
8187,8188
8187,8186
8187,8287
8187,8087
8188,8189
8188,8187
8188,8288
8188,8088
8189,8190
8189,8188
8189,8289
8189,8089
8190,8191
8190,8189
8190,8290
8190,8090
8191,8192
8191,8190
8191,8291
8191,8091
8192,8193
8192,8191
8192,8292
8192,8092
8193,8194
8193,8192
8193,8293
8193,8093
8194,8195
8194,8193
8194,8294
8194,8094
8195,8196
8195,8194
8195,8295
8195,8095
8196,8197
8196,8195
8196,8296
8196,8096
8197,8198
8197,8196
8197,8297
8197,8097
8198,8199
8198,8197
8198,8298
8198,8098
8199,8200
8199,8198
8199,8299
8199,8099
8200,8199
8200,8300
8200,8100
8201,8202
8201,8301
8201,8101
8202,8203
8202,8201
8202,8302
8202,8102
8203,8204
8203,8202
8203,8303
8203,8103
8204,8205
8204,8203
8204,8304
8204,8104
8205,8206
8205,8204
8205,8305
8205,8105
8206,8207
8206,8205
8206,8306
8206,8106
8207,8208
8207,8206
8207,8307
8207,8107
8208,8209
8208,8207
8208,8308
8208,8108
8209,8210
8209,8208
8209,8309
8209,8109
8210,8211
8210,8209
8210,8310
8210,8110
8211,8212
8211,8210
8211,8311
8211,8111
8212,8213
8212,8211
8212,8312
8212,8112
8213,8214
8213,8212
8213,8313
8213,8113
8214,8215
8214,8213
8214,8314
8214,8114
8215,8216
8215,8214
8215,8315
8215,8115
8216,8217
8216,8215
8216,8316
8216,8116
8217,8218
8217,8216
8217,8317
8217,8117
8218,8219
8218,8217
8218,8318
8218,8118
8219,8220
8219,8218
8219,8319
8219,8119
8220,8221
8220,8219
8220,8320
8220,8120
8221,8222
8221,8220
8221,8321
8221,8121
8222,8223
8222,8221
8222,8322
8222,8122
8223,8224
8223,8222
8223,8323
8223,8123
8224,8225
8224,8223
8224,8324
8224,8124
8225,8226
8225,8224
8225,8325
8225,8125
8226,8227
8226,8225
8226,8326
8226,8126
8227,8228
8227,8226
8227,8327
8227,8127
8228,8229
8228,8227
8228,8328
8228,8128
8229,8230
8229,8228
8229,8329
8229,8129
8230,8231
8230,8229
8230,8330
8230,8130
8231,8232
8231,8230
8231,8331
8231,8131
8232,8233
8232,8231
8232,8332
8232,8132
8233,8234
8233,8232
8233,8333
8233,8133
8234,8235
8234,8233
8234,8334
8234,8134
8235,8236
8235,8234
8235,8335
8235,8135
8236,8237
8236,8235
8236,8336
8236,8136
8237,8238
8237,8236
8237,8337
8237,8137
8238,8239
8238,8237
8238,8338
8238,8138
8239,8240
8239,8238
8239,8339
8239,8139
8240,8241
8240,8239
8240,8340
8240,8140
8241,8242
8241,8240
8241,8341
8241,8141
8242,8243
8242,8241
8242,8342
8242,8142
8243,8244
8243,8242
8243,8343
8243,8143
8244,8245
8244,8243
8244,8344
8244,8144
8245,8246
8245,8244
8245,8345
8245,8145
8246,8247
8246,8245
8246,8346
8246,8146
8247,8248
8247,8246
8247,8347
8247,8147
8248,8249
8248,8247
8248,8348
8248,8148
8249,8250
8249,8248
8249,8349
8249,8149
8250,8251
8250,8249
8250,8350
8250,8150
8251,8252
8251,8250
8251,8351
8251,8151
8252,8253
8252,8251
8252,8352
8252,8152
8253,8254
8253,8252
8253,8353
8253,8153
8254,8255
8254,8253
8254,8354
8254,8154
8255,8256
8255,8254
8255,8355
8255,8155
8256,8257
8256,8255
8256,8356
8256,8156
8257,8258
8257,8256
8257,8357
8257,8157
8258,8259
8258,8257
8258,8358
8258,8158
8259,8260
8259,8258
8259,8359
8259,8159
8260,8261
8260,8259
8260,8360
8260,8160
8261,8262
8261,8260
8261,8361
8261,8161
8262,8263
8262,8261
8262,8362
8262,8162
8263,8264
8263,8262
8263,8363
8263,8163
8264,8265
8264,8263
8264,8364
8264,8164
8265,8266
8265,8264
8265,8365
8265,8165
8266,8267
8266,8265
8266,8366
8266,8166
8267,8268
8267,8266
8267,8367
8267,8167
8268,8269
8268,8267
8268,8368
8268,8168
8269,8270
8269,8268
8269,8369
8269,8169
8270,8271
8270,8269
8270,8370
8270,8170
8271,8272
8271,8270
8271,8371
8271,8171
8272,8273
8272,8271
8272,8372
8272,8172
8273,8274
8273,8272
8273,8373
8273,8173
8274,8275
8274,8273
8274,8374
8274,8174
8275,8276
8275,8274
8275,8375
8275,8175
8276,8277
8276,8275
8276,8376
8276,8176
8277,8278
8277,8276
8277,8377
8277,8177
8278,8279
8278,8277
8278,8378
8278,8178
8279,8280
8279,8278
8279,8379
8279,8179
8280,8281
8280,8279
8280,8380
8280,8180
8281,8282
8281,8280
8281,8381
8281,8181
8282,8283
8282,8281
8282,8382
8282,8182
8283,8284
8283,8282
8283,8383
8283,8183
8284,8285
8284,8283
8284,8384
8284,8184
8285,8286
8285,8284
8285,8385
8285,8185
8286,8287
8286,8285
8286,8386
8286,8186
8287,8288
8287,8286
8287,8387
8287,8187
8288,8289
8288,8287
8288,8388
8288,8188
8289,8290
8289,8288
8289,8389
8289,8189
8290,8291
8290,8289
8290,8390
8290,8190
8291,8292
8291,8290
8291,8391
8291,8191
8292,8293
8292,8291
8292,8392
8292,8192
8293,8294
8293,8292
8293,8393
8293,8193
8294,8295
8294,8293
8294,8394
8294,8194
8295,8296
8295,8294
8295,8395
8295,8195
8296,8297
8296,8295
8296,8396
8296,8196
8297,8298
8297,8296
8297,8397
8297,8197
8298,8299
8298,8297
8298,8398
8298,8198
8299,8300
8299,8298
8299,8399
8299,8199
8300,8299
8300,8400
8300,8200
8301,8302
8301,8401
8301,8201
8302,8303
8302,8301
8302,8402
8302,8202
8303,8304
8303,8302
8303,8403
8303,8203
8304,8305
8304,8303
8304,8404
8304,8204
8305,8306
8305,8304
8305,8405
8305,8205
8306,8307
8306,8305
8306,8406
8306,8206
8307,8308
8307,8306
8307,8407
8307,8207
8308,8309
8308,8307
8308,8408
8308,8208
8309,8310
8309,8308
8309,8409
8309,8209
8310,8311
8310,8309
8310,8410
8310,8210
8311,8312
8311,8310
8311,8411
8311,8211
8312,8313
8312,8311
8312,8412
8312,8212
8313,8314
8313,8312
8313,8413
8313,8213
8314,8315
8314,8313
8314,8414
8314,8214
8315,8316
8315,8314
8315,8415
8315,8215
8316,8317
8316,8315
8316,8416
8316,8216
8317,8318
8317,8316
8317,8417
8317,8217
8318,8319
8318,8317
8318,8418
8318,8218
8319,8320
8319,8318
8319,8419
8319,8219
8320,8321
8320,8319
8320,8420
8320,8220
8321,8322
8321,8320
8321,8421
8321,8221
8322,8323
8322,8321
8322,8422
8322,8222
8323,8324
8323,8322
8323,8423
8323,8223
8324,8325
8324,8323
8324,8424
8324,8224
8325,8326
8325,8324
8325,8425
8325,8225
8326,8327
8326,8325
8326,8426
8326,8226
8327,8328
8327,8326
8327,8427
8327,8227
8328,8329
8328,8327
8328,8428
8328,8228
8329,8330
8329,8328
8329,8429
8329,8229
8330,8331
8330,8329
8330,8430
8330,8230
8331,8332
8331,8330
8331,8431
8331,8231
8332,8333
8332,8331
8332,8432
8332,8232
8333,8334
8333,8332
8333,8433
8333,8233
8334,8335
8334,8333
8334,8434
8334,8234
8335,8336
8335,8334
8335,8435
8335,8235
8336,8337
8336,8335
8336,8436
8336,8236
8337,8338
8337,8336
8337,8437
8337,8237
8338,8339
8338,8337
8338,8438
8338,8238
8339,8340
8339,8338
8339,8439
8339,8239
8340,8341
8340,8339
8340,8440
8340,8240
8341,8342
8341,8340
8341,8441
8341,8241
8342,8343
8342,8341
8342,8442
8342,8242
8343,8344
8343,8342
8343,8443
8343,8243
8344,8345
8344,8343
8344,8444
8344,8244
8345,8346
8345,8344
8345,8445
8345,8245
8346,8347
8346,8345
8346,8446
8346,8246
8347,8348
8347,8346
8347,8447
8347,8247
8348,8349
8348,8347
8348,8448
8348,8248
8349,8350
8349,8348
8349,8449
8349,8249
8350,8351
8350,8349
8350,8450
8350,8250
8351,8352
8351,8350
8351,8451
8351,8251
8352,8353
8352,8351
8352,8452
8352,8252
8353,8354
8353,8352
8353,8453
8353,8253
8354,8355
8354,8353
8354,8454
8354,8254
8355,8356
8355,8354
8355,8455
8355,8255
8356,8357
8356,8355
8356,8456
8356,8256
8357,8358
8357,8356
8357,8457
8357,8257
8358,8359
8358,8357
8358,8458
8358,8258
8359,8360
8359,8358
8359,8459
8359,8259
8360,8361
8360,8359
8360,8460
8360,8260
8361,8362
8361,8360
8361,8461
8361,8261
8362,8363
8362,8361
8362,8462
8362,8262
8363,8364
8363,8362
8363,8463
8363,8263
8364,8365
8364,8363
8364,8464
8364,8264
8365,8366
8365,8364
8365,8465
8365,8265
8366,8367
8366,8365
8366,8466
8366,8266
8367,8368
8367,8366
8367,8467
8367,8267
8368,8369
8368,8367
8368,8468
8368,8268
8369,8370
8369,8368
8369,8469
8369,8269
8370,8371
8370,8369
8370,8470
8370,8270
8371,8372
8371,8370
8371,8471
8371,8271
8372,8373
8372,8371
8372,8472
8372,8272
8373,8374
8373,8372
8373,8473
8373,8273
8374,8375
8374,8373
8374,8474
8374,8274
8375,8376
8375,8374
8375,8475
8375,8275
8376,8377
8376,8375
8376,8476
8376,8276
8377,8378
8377,8376
8377,8477
8377,8277
8378,8379
8378,8377
8378,8478
8378,8278
8379,8380
8379,8378
8379,8479
8379,8279
8380,8381
8380,8379
8380,8480
8380,8280
8381,8382
8381,8380
8381,8481
8381,8281
8382,8383
8382,8381
8382,8482
8382,8282
8383,8384
8383,8382
8383,8483
8383,8283
8384,8385
8384,8383
8384,8484
8384,8284
8385,8386
8385,8384
8385,8485
8385,8285
8386,8387
8386,8385
8386,8486
8386,8286
8387,8388
8387,8386
8387,8487
8387,8287
8388,8389
8388,8387
8388,8488
8388,8288
8389,8390
8389,8388
8389,8489
8389,8289
8390,8391
8390,8389
8390,8490
8390,8290
8391,8392
8391,8390
8391,8491
8391,8291
8392,8393
8392,8391
8392,8492
8392,8292
8393,8394
8393,8392
8393,8493
8393,8293
8394,8395
8394,8393
8394,8494
8394,8294
8395,8396
8395,8394
8395,8495
8395,8295
8396,8397
8396,8395
8396,8496
8396,8296
8397,8398
8397,8396
8397,8497
8397,8297
8398,8399
8398,8397
8398,8498
8398,8298
8399,8400
8399,8398
8399,8499
8399,8299
8400,8399
8400,8500
8400,8300
8401,8402
8401,8501
8401,8301
8402,8403
8402,8401
8402,8502
8402,8302
8403,8404
8403,8402
8403,8503
8403,8303
8404,8405
8404,8403
8404,8504
8404,8304
8405,8406
8405,8404
8405,8505
8405,8305
8406,8407
8406,8405
8406,8506
8406,8306
8407,8408
8407,8406
8407,8507
8407,8307
8408,8409
8408,8407
8408,8508
8408,8308
8409,8410
8409,8408
8409,8509
8409,8309
8410,8411
8410,8409
8410,8510
8410,8310
8411,8412
8411,8410
8411,8511
8411,8311
8412,8413
8412,8411
8412,8512
8412,8312
8413,8414
8413,8412
8413,8513
8413,8313
8414,8415
8414,8413
8414,8514
8414,8314
8415,8416
8415,8414
8415,8515
8415,8315
8416,8417
8416,8415
8416,8516
8416,8316
8417,8418
8417,8416
8417,8517
8417,8317
8418,8419
8418,8417
8418,8518
8418,8318
8419,8420
8419,8418
8419,8519
8419,8319
8420,8421
8420,8419
8420,8520
8420,8320
8421,8422
8421,8420
8421,8521
8421,8321
8422,8423
8422,8421
8422,8522
8422,8322
8423,8424
8423,8422
8423,8523
8423,8323
8424,8425
8424,8423
8424,8524
8424,8324
8425,8426
8425,8424
8425,8525
8425,8325
8426,8427
8426,8425
8426,8526
8426,8326
8427,8428
8427,8426
8427,8527
8427,8327
8428,8429
8428,8427
8428,8528
8428,8328
8429,8430
8429,8428
8429,8529
8429,8329
8430,8431
8430,8429
8430,8530
8430,8330
8431,8432
8431,8430
8431,8531
8431,8331
8432,8433
8432,8431
8432,8532
8432,8332
8433,8434
8433,8432
8433,8533
8433,8333
8434,8435
8434,8433
8434,8534
8434,8334
8435,8436
8435,8434
8435,8535
8435,8335
8436,8437
8436,8435
8436,8536
8436,8336
8437,8438
8437,8436
8437,8537
8437,8337
8438,8439
8438,8437
8438,8538
8438,8338
8439,8440
8439,8438
8439,8539
8439,8339
8440,8441
8440,8439
8440,8540
8440,8340
8441,8442
8441,8440
8441,8541
8441,8341
8442,8443
8442,8441
8442,8542
8442,8342
8443,8444
8443,8442
8443,8543
8443,8343
8444,8445
8444,8443
8444,8544
8444,8344
8445,8446
8445,8444
8445,8545
8445,8345
8446,8447
8446,8445
8446,8546
8446,8346
8447,8448
8447,8446
8447,8547
8447,8347
8448,8449
8448,8447
8448,8548
8448,8348
8449,8450
8449,8448
8449,8549
8449,8349
8450,8451
8450,8449
8450,8550
8450,8350
8451,8452
8451,8450
8451,8551
8451,8351
8452,8453
8452,8451
8452,8552
8452,8352
8453,8454
8453,8452
8453,8553
8453,8353
8454,8455
8454,8453
8454,8554
8454,8354
8455,8456
8455,8454
8455,8555
8455,8355
8456,8457
8456,8455
8456,8556
8456,8356
8457,8458
8457,8456
8457,8557
8457,8357
8458,8459
8458,8457
8458,8558
8458,8358
8459,8460
8459,8458
8459,8559
8459,8359
8460,8461
8460,8459
8460,8560
8460,8360
8461,8462
8461,8460
8461,8561
8461,8361
8462,8463
8462,8461
8462,8562
8462,8362
8463,8464
8463,8462
8463,8563
8463,8363
8464,8465
8464,8463
8464,8564
8464,8364
8465,8466
8465,8464
8465,8565
8465,8365
8466,8467
8466,8465
8466,8566
8466,8366
8467,8468
8467,8466
8467,8567
8467,8367
8468,8469
8468,8467
8468,8568
8468,8368
8469,8470
8469,8468
8469,8569
8469,8369
8470,8471
8470,8469
8470,8570
8470,8370
8471,8472
8471,8470
8471,8571
8471,8371
8472,8473
8472,8471
8472,8572
8472,8372
8473,8474
8473,8472
8473,8573
8473,8373
8474,8475
8474,8473
8474,8574
8474,8374
8475,8476
8475,8474
8475,8575
8475,8375
8476,8477
8476,8475
8476,8576
8476,8376
8477,8478
8477,8476
8477,8577
8477,8377
8478,8479
8478,8477
8478,8578
8478,8378
8479,8480
8479,8478
8479,8579
8479,8379
8480,8481
8480,8479
8480,8580
8480,8380
8481,8482
8481,8480
8481,8581
8481,8381
8482,8483
8482,8481
8482,8582
8482,8382
8483,8484
8483,8482
8483,8583
8483,8383
8484,8485
8484,8483
8484,8584
8484,8384
8485,8486
8485,8484
8485,8585
8485,8385
8486,8487
8486,8485
8486,8586
8486,8386
8487,8488
8487,8486
8487,8587
8487,8387
8488,8489
8488,8487
8488,8588
8488,8388
8489,8490
8489,8488
8489,8589
8489,8389
8490,8491
8490,8489
8490,8590
8490,8390
8491,8492
8491,8490
8491,8591
8491,8391
8492,8493
8492,8491
8492,8592
8492,8392
8493,8494
8493,8492
8493,8593
8493,8393
8494,8495
8494,8493
8494,8594
8494,8394
8495,8496
8495,8494
8495,8595
8495,8395
8496,8497
8496,8495
8496,8596
8496,8396
8497,8498
8497,8496
8497,8597
8497,8397
8498,8499
8498,8497
8498,8598
8498,8398
8499,8500
8499,8498
8499,8599
8499,8399
8500,8499
8500,8600
8500,8400
8501,8502
8501,8601
8501,8401
8502,8503
8502,8501
8502,8602
8502,8402
8503,8504
8503,8502
8503,8603
8503,8403
8504,8505
8504,8503
8504,8604
8504,8404
8505,8506
8505,8504
8505,8605
8505,8405
8506,8507
8506,8505
8506,8606
8506,8406
8507,8508
8507,8506
8507,8607
8507,8407
8508,8509
8508,8507
8508,8608
8508,8408
8509,8510
8509,8508
8509,8609
8509,8409
8510,8511
8510,8509
8510,8610
8510,8410
8511,8512
8511,8510
8511,8611
8511,8411
8512,8513
8512,8511
8512,8612
8512,8412
8513,8514
8513,8512
8513,8613
8513,8413
8514,8515
8514,8513
8514,8614
8514,8414
8515,8516
8515,8514
8515,8615
8515,8415
8516,8517
8516,8515
8516,8616
8516,8416
8517,8518
8517,8516
8517,8617
8517,8417
8518,8519
8518,8517
8518,8618
8518,8418
8519,8520
8519,8518
8519,8619
8519,8419
8520,8521
8520,8519
8520,8620
8520,8420
8521,8522
8521,8520
8521,8621
8521,8421
8522,8523
8522,8521
8522,8622
8522,8422
8523,8524
8523,8522
8523,8623
8523,8423
8524,8525
8524,8523
8524,8624
8524,8424
8525,8526
8525,8524
8525,8625
8525,8425
8526,8527
8526,8525
8526,8626
8526,8426
8527,8528
8527,8526
8527,8627
8527,8427
8528,8529
8528,8527
8528,8628
8528,8428
8529,8530
8529,8528
8529,8629
8529,8429
8530,8531
8530,8529
8530,8630
8530,8430
8531,8532
8531,8530
8531,8631
8531,8431
8532,8533
8532,8531
8532,8632
8532,8432
8533,8534
8533,8532
8533,8633
8533,8433
8534,8535
8534,8533
8534,8634
8534,8434
8535,8536
8535,8534
8535,8635
8535,8435
8536,8537
8536,8535
8536,8636
8536,8436
8537,8538
8537,8536
8537,8637
8537,8437
8538,8539
8538,8537
8538,8638
8538,8438
8539,8540
8539,8538
8539,8639
8539,8439
8540,8541
8540,8539
8540,8640
8540,8440
8541,8542
8541,8540
8541,8641
8541,8441
8542,8543
8542,8541
8542,8642
8542,8442
8543,8544
8543,8542
8543,8643
8543,8443
8544,8545
8544,8543
8544,8644
8544,8444
8545,8546
8545,8544
8545,8645
8545,8445
8546,8547
8546,8545
8546,8646
8546,8446
8547,8548
8547,8546
8547,8647
8547,8447
8548,8549
8548,8547
8548,8648
8548,8448
8549,8550
8549,8548
8549,8649
8549,8449
8550,8551
8550,8549
8550,8650
8550,8450
8551,8552
8551,8550
8551,8651
8551,8451
8552,8553
8552,8551
8552,8652
8552,8452
8553,8554
8553,8552
8553,8653
8553,8453
8554,8555
8554,8553
8554,8654
8554,8454
8555,8556
8555,8554
8555,8655
8555,8455
8556,8557
8556,8555
8556,8656
8556,8456
8557,8558
8557,8556
8557,8657
8557,8457
8558,8559
8558,8557
8558,8658
8558,8458
8559,8560
8559,8558
8559,8659
8559,8459
8560,8561
8560,8559
8560,8660
8560,8460
8561,8562
8561,8560
8561,8661
8561,8461
8562,8563
8562,8561
8562,8662
8562,8462
8563,8564
8563,8562
8563,8663
8563,8463
8564,8565
8564,8563
8564,8664
8564,8464
8565,8566
8565,8564
8565,8665
8565,8465
8566,8567
8566,8565
8566,8666
8566,8466
8567,8568
8567,8566
8567,8667
8567,8467
8568,8569
8568,8567
8568,8668
8568,8468
8569,8570
8569,8568
8569,8669
8569,8469
8570,8571
8570,8569
8570,8670
8570,8470
8571,8572
8571,8570
8571,8671
8571,8471
8572,8573
8572,8571
8572,8672
8572,8472
8573,8574
8573,8572
8573,8673
8573,8473
8574,8575
8574,8573
8574,8674
8574,8474
8575,8576
8575,8574
8575,8675
8575,8475
8576,8577
8576,8575
8576,8676
8576,8476
8577,8578
8577,8576
8577,8677
8577,8477
8578,8579
8578,8577
8578,8678
8578,8478
8579,8580
8579,8578
8579,8679
8579,8479
8580,8581
8580,8579
8580,8680
8580,8480
8581,8582
8581,8580
8581,8681
8581,8481
8582,8583
8582,8581
8582,8682
8582,8482
8583,8584
8583,8582
8583,8683
8583,8483
8584,8585
8584,8583
8584,8684
8584,8484
8585,8586
8585,8584
8585,8685
8585,8485
8586,8587
8586,8585
8586,8686
8586,8486
8587,8588
8587,8586
8587,8687
8587,8487
8588,8589
8588,8587
8588,8688
8588,8488
8589,8590
8589,8588
8589,8689
8589,8489
8590,8591
8590,8589
8590,8690
8590,8490
8591,8592
8591,8590
8591,8691
8591,8491
8592,8593
8592,8591
8592,8692
8592,8492
8593,8594
8593,8592
8593,8693
8593,8493
8594,8595
8594,8593
8594,8694
8594,8494
8595,8596
8595,8594
8595,8695
8595,8495
8596,8597
8596,8595
8596,8696
8596,8496
8597,8598
8597,8596
8597,8697
8597,8497
8598,8599
8598,8597
8598,8698
8598,8498
8599,8600
8599,8598
8599,8699
8599,8499
8600,8599
8600,8700
8600,8500
8601,8602
8601,8701
8601,8501
8602,8603
8602,8601
8602,8702
8602,8502
8603,8604
8603,8602
8603,8703
8603,8503
8604,8605
8604,8603
8604,8704
8604,8504
8605,8606
8605,8604
8605,8705
8605,8505
8606,8607
8606,8605
8606,8706
8606,8506
8607,8608
8607,8606
8607,8707
8607,8507
8608,8609
8608,8607
8608,8708
8608,8508
8609,8610
8609,8608
8609,8709
8609,8509
8610,8611
8610,8609
8610,8710
8610,8510
8611,8612
8611,8610
8611,8711
8611,8511
8612,8613
8612,8611
8612,8712
8612,8512
8613,8614
8613,8612
8613,8713
8613,8513
8614,8615
8614,8613
8614,8714
8614,8514
8615,8616
8615,8614
8615,8715
8615,8515
8616,8617
8616,8615
8616,8716
8616,8516
8617,8618
8617,8616
8617,8717
8617,8517
8618,8619
8618,8617
8618,8718
8618,8518
8619,8620
8619,8618
8619,8719
8619,8519
8620,8621
8620,8619
8620,8720
8620,8520
8621,8622
8621,8620
8621,8721
8621,8521
8622,8623
8622,8621
8622,8722
8622,8522
8623,8624
8623,8622
8623,8723
8623,8523
8624,8625
8624,8623
8624,8724
8624,8524
8625,8626
8625,8624
8625,8725
8625,8525
8626,8627
8626,8625
8626,8726
8626,8526
8627,8628
8627,8626
8627,8727
8627,8527
8628,8629
8628,8627
8628,8728
8628,8528
8629,8630
8629,8628
8629,8729
8629,8529
8630,8631
8630,8629
8630,8730
8630,8530
8631,8632
8631,8630
8631,8731
8631,8531
8632,8633
8632,8631
8632,8732
8632,8532
8633,8634
8633,8632
8633,8733
8633,8533
8634,8635
8634,8633
8634,8734
8634,8534
8635,8636
8635,8634
8635,8735
8635,8535
8636,8637
8636,8635
8636,8736
8636,8536
8637,8638
8637,8636
8637,8737
8637,8537
8638,8639
8638,8637
8638,8738
8638,8538
8639,8640
8639,8638
8639,8739
8639,8539
8640,8641
8640,8639
8640,8740
8640,8540
8641,8642
8641,8640
8641,8741
8641,8541
8642,8643
8642,8641
8642,8742
8642,8542
8643,8644
8643,8642
8643,8743
8643,8543
8644,8645
8644,8643
8644,8744
8644,8544
8645,8646
8645,8644
8645,8745
8645,8545
8646,8647
8646,8645
8646,8746
8646,8546
8647,8648
8647,8646
8647,8747
8647,8547
8648,8649
8648,8647
8648,8748
8648,8548
8649,8650
8649,8648
8649,8749
8649,8549
8650,8651
8650,8649
8650,8750
8650,8550
8651,8652
8651,8650
8651,8751
8651,8551
8652,8653
8652,8651
8652,8752
8652,8552
8653,8654
8653,8652
8653,8753
8653,8553
8654,8655
8654,8653
8654,8754
8654,8554
8655,8656
8655,8654
8655,8755
8655,8555
8656,8657
8656,8655
8656,8756
8656,8556
8657,8658
8657,8656
8657,8757
8657,8557
8658,8659
8658,8657
8658,8758
8658,8558
8659,8660
8659,8658
8659,8759
8659,8559
8660,8661
8660,8659
8660,8760
8660,8560
8661,8662
8661,8660
8661,8761
8661,8561
8662,8663
8662,8661
8662,8762
8662,8562
8663,8664
8663,8662
8663,8763
8663,8563
8664,8665
8664,8663
8664,8764
8664,8564
8665,8666
8665,8664
8665,8765
8665,8565
8666,8667
8666,8665
8666,8766
8666,8566
8667,8668
8667,8666
8667,8767
8667,8567
8668,8669
8668,8667
8668,8768
8668,8568
8669,8670
8669,8668
8669,8769
8669,8569
8670,8671
8670,8669
8670,8770
8670,8570
8671,8672
8671,8670
8671,8771
8671,8571
8672,8673
8672,8671
8672,8772
8672,8572
8673,8674
8673,8672
8673,8773
8673,8573
8674,8675
8674,8673
8674,8774
8674,8574
8675,8676
8675,8674
8675,8775
8675,8575
8676,8677
8676,8675
8676,8776
8676,8576
8677,8678
8677,8676
8677,8777
8677,8577
8678,8679
8678,8677
8678,8778
8678,8578
8679,8680
8679,8678
8679,8779
8679,8579
8680,8681
8680,8679
8680,8780
8680,8580
8681,8682
8681,8680
8681,8781
8681,8581
8682,8683
8682,8681
8682,8782
8682,8582
8683,8684
8683,8682
8683,8783
8683,8583
8684,8685
8684,8683
8684,8784
8684,8584
8685,8686
8685,8684
8685,8785
8685,8585
8686,8687
8686,8685
8686,8786
8686,8586
8687,8688
8687,8686
8687,8787
8687,8587
8688,8689
8688,8687
8688,8788
8688,8588
8689,8690
8689,8688
8689,8789
8689,8589
8690,8691
8690,8689
8690,8790
8690,8590
8691,8692
8691,8690
8691,8791
8691,8591
8692,8693
8692,8691
8692,8792
8692,8592
8693,8694
8693,8692
8693,8793
8693,8593
8694,8695
8694,8693
8694,8794
8694,8594
8695,8696
8695,8694
8695,8795
8695,8595
8696,8697
8696,8695
8696,8796
8696,8596
8697,8698
8697,8696
8697,8797
8697,8597
8698,8699
8698,8697
8698,8798
8698,8598
8699,8700
8699,8698
8699,8799
8699,8599
8700,8699
8700,8800
8700,8600
8701,8702
8701,8801
8701,8601
8702,8703
8702,8701
8702,8802
8702,8602
8703,8704
8703,8702
8703,8803
8703,8603
8704,8705
8704,8703
8704,8804
8704,8604
8705,8706
8705,8704
8705,8805
8705,8605
8706,8707
8706,8705
8706,8806
8706,8606
8707,8708
8707,8706
8707,8807
8707,8607
8708,8709
8708,8707
8708,8808
8708,8608
8709,8710
8709,8708
8709,8809
8709,8609
8710,8711
8710,8709
8710,8810
8710,8610
8711,8712
8711,8710
8711,8811
8711,8611
8712,8713
8712,8711
8712,8812
8712,8612
8713,8714
8713,8712
8713,8813
8713,8613
8714,8715
8714,8713
8714,8814
8714,8614
8715,8716
8715,8714
8715,8815
8715,8615
8716,8717
8716,8715
8716,8816
8716,8616
8717,8718
8717,8716
8717,8817
8717,8617
8718,8719
8718,8717
8718,8818
8718,8618
8719,8720
8719,8718
8719,8819
8719,8619
8720,8721
8720,8719
8720,8820
8720,8620
8721,8722
8721,8720
8721,8821
8721,8621
8722,8723
8722,8721
8722,8822
8722,8622
8723,8724
8723,8722
8723,8823
8723,8623
8724,8725
8724,8723
8724,8824
8724,8624
8725,8726
8725,8724
8725,8825
8725,8625
8726,8727
8726,8725
8726,8826
8726,8626
8727,8728
8727,8726
8727,8827
8727,8627
8728,8729
8728,8727
8728,8828
8728,8628
8729,8730
8729,8728
8729,8829
8729,8629
8730,8731
8730,8729
8730,8830
8730,8630
8731,8732
8731,8730
8731,8831
8731,8631
8732,8733
8732,8731
8732,8832
8732,8632
8733,8734
8733,8732
8733,8833
8733,8633
8734,8735
8734,8733
8734,8834
8734,8634
8735,8736
8735,8734
8735,8835
8735,8635
8736,8737
8736,8735
8736,8836
8736,8636
8737,8738
8737,8736
8737,8837
8737,8637
8738,8739
8738,8737
8738,8838
8738,8638
8739,8740
8739,8738
8739,8839
8739,8639
8740,8741
8740,8739
8740,8840
8740,8640
8741,8742
8741,8740
8741,8841
8741,8641
8742,8743
8742,8741
8742,8842
8742,8642
8743,8744
8743,8742
8743,8843
8743,8643
8744,8745
8744,8743
8744,8844
8744,8644
8745,8746
8745,8744
8745,8845
8745,8645
8746,8747
8746,8745
8746,8846
8746,8646
8747,8748
8747,8746
8747,8847
8747,8647
8748,8749
8748,8747
8748,8848
8748,8648
8749,8750
8749,8748
8749,8849
8749,8649
8750,8751
8750,8749
8750,8850
8750,8650
8751,8752
8751,8750
8751,8851
8751,8651
8752,8753
8752,8751
8752,8852
8752,8652
8753,8754
8753,8752
8753,8853
8753,8653
8754,8755
8754,8753
8754,8854
8754,8654
8755,8756
8755,8754
8755,8855
8755,8655
8756,8757
8756,8755
8756,8856
8756,8656
8757,8758
8757,8756
8757,8857
8757,8657
8758,8759
8758,8757
8758,8858
8758,8658
8759,8760
8759,8758
8759,8859
8759,8659
8760,8761
8760,8759
8760,8860
8760,8660
8761,8762
8761,8760
8761,8861
8761,8661
8762,8763
8762,8761
8762,8862
8762,8662
8763,8764
8763,8762
8763,8863
8763,8663
8764,8765
8764,8763
8764,8864
8764,8664
8765,8766
8765,8764
8765,8865
8765,8665
8766,8767
8766,8765
8766,8866
8766,8666
8767,8768
8767,8766
8767,8867
8767,8667
8768,8769
8768,8767
8768,8868
8768,8668
8769,8770
8769,8768
8769,8869
8769,8669
8770,8771
8770,8769
8770,8870
8770,8670
8771,8772
8771,8770
8771,8871
8771,8671
8772,8773
8772,8771
8772,8872
8772,8672
8773,8774
8773,8772
8773,8873
8773,8673
8774,8775
8774,8773
8774,8874
8774,8674
8775,8776
8775,8774
8775,8875
8775,8675
8776,8777
8776,8775
8776,8876
8776,8676
8777,8778
8777,8776
8777,8877
8777,8677
8778,8779
8778,8777
8778,8878
8778,8678
8779,8780
8779,8778
8779,8879
8779,8679
8780,8781
8780,8779
8780,8880
8780,8680
8781,8782
8781,8780
8781,8881
8781,8681
8782,8783
8782,8781
8782,8882
8782,8682
8783,8784
8783,8782
8783,8883
8783,8683
8784,8785
8784,8783
8784,8884
8784,8684
8785,8786
8785,8784
8785,8885
8785,8685
8786,8787
8786,8785
8786,8886
8786,8686
8787,8788
8787,8786
8787,8887
8787,8687
8788,8789
8788,8787
8788,8888
8788,8688
8789,8790
8789,8788
8789,8889
8789,8689
8790,8791
8790,8789
8790,8890
8790,8690
8791,8792
8791,8790
8791,8891
8791,8691
8792,8793
8792,8791
8792,8892
8792,8692
8793,8794
8793,8792
8793,8893
8793,8693
8794,8795
8794,8793
8794,8894
8794,8694
8795,8796
8795,8794
8795,8895
8795,8695
8796,8797
8796,8795
8796,8896
8796,8696
8797,8798
8797,8796
8797,8897
8797,8697
8798,8799
8798,8797
8798,8898
8798,8698
8799,8800
8799,8798
8799,8899
8799,8699
8800,8799
8800,8900
8800,8700
8801,8802
8801,8901
8801,8701
8802,8803
8802,8801
8802,8902
8802,8702
8803,8804
8803,8802
8803,8903
8803,8703
8804,8805
8804,8803
8804,8904
8804,8704
8805,8806
8805,8804
8805,8905
8805,8705
8806,8807
8806,8805
8806,8906
8806,8706
8807,8808
8807,8806
8807,8907
8807,8707
8808,8809
8808,8807
8808,8908
8808,8708
8809,8810
8809,8808
8809,8909
8809,8709
8810,8811
8810,8809
8810,8910
8810,8710
8811,8812
8811,8810
8811,8911
8811,8711
8812,8813
8812,8811
8812,8912
8812,8712
8813,8814
8813,8812
8813,8913
8813,8713
8814,8815
8814,8813
8814,8914
8814,8714
8815,8816
8815,8814
8815,8915
8815,8715
8816,8817
8816,8815
8816,8916
8816,8716
8817,8818
8817,8816
8817,8917
8817,8717
8818,8819
8818,8817
8818,8918
8818,8718
8819,8820
8819,8818
8819,8919
8819,8719
8820,8821
8820,8819
8820,8920
8820,8720
8821,8822
8821,8820
8821,8921
8821,8721
8822,8823
8822,8821
8822,8922
8822,8722
8823,8824
8823,8822
8823,8923
8823,8723
8824,8825
8824,8823
8824,8924
8824,8724
8825,8826
8825,8824
8825,8925
8825,8725
8826,8827
8826,8825
8826,8926
8826,8726
8827,8828
8827,8826
8827,8927
8827,8727
8828,8829
8828,8827
8828,8928
8828,8728
8829,8830
8829,8828
8829,8929
8829,8729
8830,8831
8830,8829
8830,8930
8830,8730
8831,8832
8831,8830
8831,8931
8831,8731
8832,8833
8832,8831
8832,8932
8832,8732
8833,8834
8833,8832
8833,8933
8833,8733
8834,8835
8834,8833
8834,8934
8834,8734
8835,8836
8835,8834
8835,8935
8835,8735
8836,8837
8836,8835
8836,8936
8836,8736
8837,8838
8837,8836
8837,8937
8837,8737
8838,8839
8838,8837
8838,8938
8838,8738
8839,8840
8839,8838
8839,8939
8839,8739
8840,8841
8840,8839
8840,8940
8840,8740
8841,8842
8841,8840
8841,8941
8841,8741
8842,8843
8842,8841
8842,8942
8842,8742
8843,8844
8843,8842
8843,8943
8843,8743
8844,8845
8844,8843
8844,8944
8844,8744
8845,8846
8845,8844
8845,8945
8845,8745
8846,8847
8846,8845
8846,8946
8846,8746
8847,8848
8847,8846
8847,8947
8847,8747
8848,8849
8848,8847
8848,8948
8848,8748
8849,8850
8849,8848
8849,8949
8849,8749
8850,8851
8850,8849
8850,8950
8850,8750
8851,8852
8851,8850
8851,8951
8851,8751
8852,8853
8852,8851
8852,8952
8852,8752
8853,8854
8853,8852
8853,8953
8853,8753
8854,8855
8854,8853
8854,8954
8854,8754
8855,8856
8855,8854
8855,8955
8855,8755
8856,8857
8856,8855
8856,8956
8856,8756
8857,8858
8857,8856
8857,8957
8857,8757
8858,8859
8858,8857
8858,8958
8858,8758
8859,8860
8859,8858
8859,8959
8859,8759
8860,8861
8860,8859
8860,8960
8860,8760
8861,8862
8861,8860
8861,8961
8861,8761
8862,8863
8862,8861
8862,8962
8862,8762
8863,8864
8863,8862
8863,8963
8863,8763
8864,8865
8864,8863
8864,8964
8864,8764
8865,8866
8865,8864
8865,8965
8865,8765
8866,8867
8866,8865
8866,8966
8866,8766
8867,8868
8867,8866
8867,8967
8867,8767
8868,8869
8868,8867
8868,8968
8868,8768
8869,8870
8869,8868
8869,8969
8869,8769
8870,8871
8870,8869
8870,8970
8870,8770
8871,8872
8871,8870
8871,8971
8871,8771
8872,8873
8872,8871
8872,8972
8872,8772
8873,8874
8873,8872
8873,8973
8873,8773
8874,8875
8874,8873
8874,8974
8874,8774
8875,8876
8875,8874
8875,8975
8875,8775
8876,8877
8876,8875
8876,8976
8876,8776
8877,8878
8877,8876
8877,8977
8877,8777
8878,8879
8878,8877
8878,8978
8878,8778
8879,8880
8879,8878
8879,8979
8879,8779
8880,8881
8880,8879
8880,8980
8880,8780
8881,8882
8881,8880
8881,8981
8881,8781
8882,8883
8882,8881
8882,8982
8882,8782
8883,8884
8883,8882
8883,8983
8883,8783
8884,8885
8884,8883
8884,8984
8884,8784
8885,8886
8885,8884
8885,8985
8885,8785
8886,8887
8886,8885
8886,8986
8886,8786
8887,8888
8887,8886
8887,8987
8887,8787
8888,8889
8888,8887
8888,8988
8888,8788
8889,8890
8889,8888
8889,8989
8889,8789
8890,8891
8890,8889
8890,8990
8890,8790
8891,8892
8891,8890
8891,8991
8891,8791
8892,8893
8892,8891
8892,8992
8892,8792
8893,8894
8893,8892
8893,8993
8893,8793
8894,8895
8894,8893
8894,8994
8894,8794
8895,8896
8895,8894
8895,8995
8895,8795
8896,8897
8896,8895
8896,8996
8896,8796
8897,8898
8897,8896
8897,8997
8897,8797
8898,8899
8898,8897
8898,8998
8898,8798
8899,8900
8899,8898
8899,8999
8899,8799
8900,8899
8900,9000
8900,8800
8901,8902
8901,9001
8901,8801
8902,8903
8902,8901
8902,9002
8902,8802
8903,8904
8903,8902
8903,9003
8903,8803
8904,8905
8904,8903
8904,9004
8904,8804
8905,8906
8905,8904
8905,9005
8905,8805
8906,8907
8906,8905
8906,9006
8906,8806
8907,8908
8907,8906
8907,9007
8907,8807
8908,8909
8908,8907
8908,9008
8908,8808
8909,8910
8909,8908
8909,9009
8909,8809
8910,8911
8910,8909
8910,9010
8910,8810
8911,8912
8911,8910
8911,9011
8911,8811
8912,8913
8912,8911
8912,9012
8912,8812
8913,8914
8913,8912
8913,9013
8913,8813
8914,8915
8914,8913
8914,9014
8914,8814
8915,8916
8915,8914
8915,9015
8915,8815
8916,8917
8916,8915
8916,9016
8916,8816
8917,8918
8917,8916
8917,9017
8917,8817
8918,8919
8918,8917
8918,9018
8918,8818
8919,8920
8919,8918
8919,9019
8919,8819
8920,8921
8920,8919
8920,9020
8920,8820
8921,8922
8921,8920
8921,9021
8921,8821
8922,8923
8922,8921
8922,9022
8922,8822
8923,8924
8923,8922
8923,9023
8923,8823
8924,8925
8924,8923
8924,9024
8924,8824
8925,8926
8925,8924
8925,9025
8925,8825
8926,8927
8926,8925
8926,9026
8926,8826
8927,8928
8927,8926
8927,9027
8927,8827
8928,8929
8928,8927
8928,9028
8928,8828
8929,8930
8929,8928
8929,9029
8929,8829
8930,8931
8930,8929
8930,9030
8930,8830
8931,8932
8931,8930
8931,9031
8931,8831
8932,8933
8932,8931
8932,9032
8932,8832
8933,8934
8933,8932
8933,9033
8933,8833
8934,8935
8934,8933
8934,9034
8934,8834
8935,8936
8935,8934
8935,9035
8935,8835
8936,8937
8936,8935
8936,9036
8936,8836
8937,8938
8937,8936
8937,9037
8937,8837
8938,8939
8938,8937
8938,9038
8938,8838
8939,8940
8939,8938
8939,9039
8939,8839
8940,8941
8940,8939
8940,9040
8940,8840
8941,8942
8941,8940
8941,9041
8941,8841
8942,8943
8942,8941
8942,9042
8942,8842
8943,8944
8943,8942
8943,9043
8943,8843
8944,8945
8944,8943
8944,9044
8944,8844
8945,8946
8945,8944
8945,9045
8945,8845
8946,8947
8946,8945
8946,9046
8946,8846
8947,8948
8947,8946
8947,9047
8947,8847
8948,8949
8948,8947
8948,9048
8948,8848
8949,8950
8949,8948
8949,9049
8949,8849
8950,8951
8950,8949
8950,9050
8950,8850
8951,8952
8951,8950
8951,9051
8951,8851
8952,8953
8952,8951
8952,9052
8952,8852
8953,8954
8953,8952
8953,9053
8953,8853
8954,8955
8954,8953
8954,9054
8954,8854
8955,8956
8955,8954
8955,9055
8955,8855
8956,8957
8956,8955
8956,9056
8956,8856
8957,8958
8957,8956
8957,9057
8957,8857
8958,8959
8958,8957
8958,9058
8958,8858
8959,8960
8959,8958
8959,9059
8959,8859
8960,8961
8960,8959
8960,9060
8960,8860
8961,8962
8961,8960
8961,9061
8961,8861
8962,8963
8962,8961
8962,9062
8962,8862
8963,8964
8963,8962
8963,9063
8963,8863
8964,8965
8964,8963
8964,9064
8964,8864
8965,8966
8965,8964
8965,9065
8965,8865
8966,8967
8966,8965
8966,9066
8966,8866
8967,8968
8967,8966
8967,9067
8967,8867
8968,8969
8968,8967
8968,9068
8968,8868
8969,8970
8969,8968
8969,9069
8969,8869
8970,8971
8970,8969
8970,9070
8970,8870
8971,8972
8971,8970
8971,9071
8971,8871
8972,8973
8972,8971
8972,9072
8972,8872
8973,8974
8973,8972
8973,9073
8973,8873
8974,8975
8974,8973
8974,9074
8974,8874
8975,8976
8975,8974
8975,9075
8975,8875
8976,8977
8976,8975
8976,9076
8976,8876
8977,8978
8977,8976
8977,9077
8977,8877
8978,8979
8978,8977
8978,9078
8978,8878
8979,8980
8979,8978
8979,9079
8979,8879
8980,8981
8980,8979
8980,9080
8980,8880
8981,8982
8981,8980
8981,9081
8981,8881
8982,8983
8982,8981
8982,9082
8982,8882
8983,8984
8983,8982
8983,9083
8983,8883
8984,8985
8984,8983
8984,9084
8984,8884
8985,8986
8985,8984
8985,9085
8985,8885
8986,8987
8986,8985
8986,9086
8986,8886
8987,8988
8987,8986
8987,9087
8987,8887
8988,8989
8988,8987
8988,9088
8988,8888
8989,8990
8989,8988
8989,9089
8989,8889
8990,8991
8990,8989
8990,9090
8990,8890
8991,8992
8991,8990
8991,9091
8991,8891
8992,8993
8992,8991
8992,9092
8992,8892
8993,8994
8993,8992
8993,9093
8993,8893
8994,8995
8994,8993
8994,9094
8994,8894
8995,8996
8995,8994
8995,9095
8995,8895
8996,8997
8996,8995
8996,9096
8996,8896
8997,8998
8997,8996
8997,9097
8997,8897
8998,8999
8998,8997
8998,9098
8998,8898
8999,9000
8999,8998
8999,9099
8999,8899
9000,8999
9000,9100
9000,8900
9001,9002
9001,9101
9001,8901
9002,9003
9002,9001
9002,9102
9002,8902
9003,9004
9003,9002
9003,9103
9003,8903
9004,9005
9004,9003
9004,9104
9004,8904
9005,9006
9005,9004
9005,9105
9005,8905
9006,9007
9006,9005
9006,9106
9006,8906
9007,9008
9007,9006
9007,9107
9007,8907
9008,9009
9008,9007
9008,9108
9008,8908
9009,9010
9009,9008
9009,9109
9009,8909
9010,9011
9010,9009
9010,9110
9010,8910
9011,9012
9011,9010
9011,9111
9011,8911
9012,9013
9012,9011
9012,9112
9012,8912
9013,9014
9013,9012
9013,9113
9013,8913
9014,9015
9014,9013
9014,9114
9014,8914
9015,9016
9015,9014
9015,9115
9015,8915
9016,9017
9016,9015
9016,9116
9016,8916
9017,9018
9017,9016
9017,9117
9017,8917
9018,9019
9018,9017
9018,9118
9018,8918
9019,9020
9019,9018
9019,9119
9019,8919
9020,9021
9020,9019
9020,9120
9020,8920
9021,9022
9021,9020
9021,9121
9021,8921
9022,9023
9022,9021
9022,9122
9022,8922
9023,9024
9023,9022
9023,9123
9023,8923
9024,9025
9024,9023
9024,9124
9024,8924
9025,9026
9025,9024
9025,9125
9025,8925
9026,9027
9026,9025
9026,9126
9026,8926
9027,9028
9027,9026
9027,9127
9027,8927
9028,9029
9028,9027
9028,9128
9028,8928
9029,9030
9029,9028
9029,9129
9029,8929
9030,9031
9030,9029
9030,9130
9030,8930
9031,9032
9031,9030
9031,9131
9031,8931
9032,9033
9032,9031
9032,9132
9032,8932
9033,9034
9033,9032
9033,9133
9033,8933
9034,9035
9034,9033
9034,9134
9034,8934
9035,9036
9035,9034
9035,9135
9035,8935
9036,9037
9036,9035
9036,9136
9036,8936
9037,9038
9037,9036
9037,9137
9037,8937
9038,9039
9038,9037
9038,9138
9038,8938
9039,9040
9039,9038
9039,9139
9039,8939
9040,9041
9040,9039
9040,9140
9040,8940
9041,9042
9041,9040
9041,9141
9041,8941
9042,9043
9042,9041
9042,9142
9042,8942
9043,9044
9043,9042
9043,9143
9043,8943
9044,9045
9044,9043
9044,9144
9044,8944
9045,9046
9045,9044
9045,9145
9045,8945
9046,9047
9046,9045
9046,9146
9046,8946
9047,9048
9047,9046
9047,9147
9047,8947
9048,9049
9048,9047
9048,9148
9048,8948
9049,9050
9049,9048
9049,9149
9049,8949
9050,9051
9050,9049
9050,9150
9050,8950
9051,9052
9051,9050
9051,9151
9051,8951
9052,9053
9052,9051
9052,9152
9052,8952
9053,9054
9053,9052
9053,9153
9053,8953
9054,9055
9054,9053
9054,9154
9054,8954
9055,9056
9055,9054
9055,9155
9055,8955
9056,9057
9056,9055
9056,9156
9056,8956
9057,9058
9057,9056
9057,9157
9057,8957
9058,9059
9058,9057
9058,9158
9058,8958
9059,9060
9059,9058
9059,9159
9059,8959
9060,9061
9060,9059
9060,9160
9060,8960
9061,9062
9061,9060
9061,9161
9061,8961
9062,9063
9062,9061
9062,9162
9062,8962
9063,9064
9063,9062
9063,9163
9063,8963
9064,9065
9064,9063
9064,9164
9064,8964
9065,9066
9065,9064
9065,9165
9065,8965
9066,9067
9066,9065
9066,9166
9066,8966
9067,9068
9067,9066
9067,9167
9067,8967
9068,9069
9068,9067
9068,9168
9068,8968
9069,9070
9069,9068
9069,9169
9069,8969
9070,9071
9070,9069
9070,9170
9070,8970
9071,9072
9071,9070
9071,9171
9071,8971
9072,9073
9072,9071
9072,9172
9072,8972
9073,9074
9073,9072
9073,9173
9073,8973
9074,9075
9074,9073
9074,9174
9074,8974
9075,9076
9075,9074
9075,9175
9075,8975
9076,9077
9076,9075
9076,9176
9076,8976
9077,9078
9077,9076
9077,9177
9077,8977
9078,9079
9078,9077
9078,9178
9078,8978
9079,9080
9079,9078
9079,9179
9079,8979
9080,9081
9080,9079
9080,9180
9080,8980
9081,9082
9081,9080
9081,9181
9081,8981
9082,9083
9082,9081
9082,9182
9082,8982
9083,9084
9083,9082
9083,9183
9083,8983
9084,9085
9084,9083
9084,9184
9084,8984
9085,9086
9085,9084
9085,9185
9085,8985
9086,9087
9086,9085
9086,9186
9086,8986
9087,9088
9087,9086
9087,9187
9087,8987
9088,9089
9088,9087
9088,9188
9088,8988
9089,9090
9089,9088
9089,9189
9089,8989
9090,9091
9090,9089
9090,9190
9090,8990
9091,9092
9091,9090
9091,9191
9091,8991
9092,9093
9092,9091
9092,9192
9092,8992
9093,9094
9093,9092
9093,9193
9093,8993
9094,9095
9094,9093
9094,9194
9094,8994
9095,9096
9095,9094
9095,9195
9095,8995
9096,9097
9096,9095
9096,9196
9096,8996
9097,9098
9097,9096
9097,9197
9097,8997
9098,9099
9098,9097
9098,9198
9098,8998
9099,9100
9099,9098
9099,9199
9099,8999
9100,9099
9100,9200
9100,9000
9101,9102
9101,9201
9101,9001
9102,9103
9102,9101
9102,9202
9102,9002
9103,9104
9103,9102
9103,9203
9103,9003
9104,9105
9104,9103
9104,9204
9104,9004
9105,9106
9105,9104
9105,9205
9105,9005
9106,9107
9106,9105
9106,9206
9106,9006
9107,9108
9107,9106
9107,9207
9107,9007
9108,9109
9108,9107
9108,9208
9108,9008
9109,9110
9109,9108
9109,9209
9109,9009
9110,9111
9110,9109
9110,9210
9110,9010
9111,9112
9111,9110
9111,9211
9111,9011
9112,9113
9112,9111
9112,9212
9112,9012
9113,9114
9113,9112
9113,9213
9113,9013
9114,9115
9114,9113
9114,9214
9114,9014
9115,9116
9115,9114
9115,9215
9115,9015
9116,9117
9116,9115
9116,9216
9116,9016
9117,9118
9117,9116
9117,9217
9117,9017
9118,9119
9118,9117
9118,9218
9118,9018
9119,9120
9119,9118
9119,9219
9119,9019
9120,9121
9120,9119
9120,9220
9120,9020
9121,9122
9121,9120
9121,9221
9121,9021
9122,9123
9122,9121
9122,9222
9122,9022
9123,9124
9123,9122
9123,9223
9123,9023
9124,9125
9124,9123
9124,9224
9124,9024
9125,9126
9125,9124
9125,9225
9125,9025
9126,9127
9126,9125
9126,9226
9126,9026
9127,9128
9127,9126
9127,9227
9127,9027
9128,9129
9128,9127
9128,9228
9128,9028
9129,9130
9129,9128
9129,9229
9129,9029
9130,9131
9130,9129
9130,9230
9130,9030
9131,9132
9131,9130
9131,9231
9131,9031
9132,9133
9132,9131
9132,9232
9132,9032
9133,9134
9133,9132
9133,9233
9133,9033
9134,9135
9134,9133
9134,9234
9134,9034
9135,9136
9135,9134
9135,9235
9135,9035
9136,9137
9136,9135
9136,9236
9136,9036
9137,9138
9137,9136
9137,9237
9137,9037
9138,9139
9138,9137
9138,9238
9138,9038
9139,9140
9139,9138
9139,9239
9139,9039
9140,9141
9140,9139
9140,9240
9140,9040
9141,9142
9141,9140
9141,9241
9141,9041
9142,9143
9142,9141
9142,9242
9142,9042
9143,9144
9143,9142
9143,9243
9143,9043
9144,9145
9144,9143
9144,9244
9144,9044
9145,9146
9145,9144
9145,9245
9145,9045
9146,9147
9146,9145
9146,9246
9146,9046
9147,9148
9147,9146
9147,9247
9147,9047
9148,9149
9148,9147
9148,9248
9148,9048
9149,9150
9149,9148
9149,9249
9149,9049
9150,9151
9150,9149
9150,9250
9150,9050
9151,9152
9151,9150
9151,9251
9151,9051
9152,9153
9152,9151
9152,9252
9152,9052
9153,9154
9153,9152
9153,9253
9153,9053
9154,9155
9154,9153
9154,9254
9154,9054
9155,9156
9155,9154
9155,9255
9155,9055
9156,9157
9156,9155
9156,9256
9156,9056
9157,9158
9157,9156
9157,9257
9157,9057
9158,9159
9158,9157
9158,9258
9158,9058
9159,9160
9159,9158
9159,9259
9159,9059
9160,9161
9160,9159
9160,9260
9160,9060
9161,9162
9161,9160
9161,9261
9161,9061
9162,9163
9162,9161
9162,9262
9162,9062
9163,9164
9163,9162
9163,9263
9163,9063
9164,9165
9164,9163
9164,9264
9164,9064
9165,9166
9165,9164
9165,9265
9165,9065
9166,9167
9166,9165
9166,9266
9166,9066
9167,9168
9167,9166
9167,9267
9167,9067
9168,9169
9168,9167
9168,9268
9168,9068
9169,9170
9169,9168
9169,9269
9169,9069
9170,9171
9170,9169
9170,9270
9170,9070
9171,9172
9171,9170
9171,9271
9171,9071
9172,9173
9172,9171
9172,9272
9172,9072
9173,9174
9173,9172
9173,9273
9173,9073
9174,9175
9174,9173
9174,9274
9174,9074
9175,9176
9175,9174
9175,9275
9175,9075
9176,9177
9176,9175
9176,9276
9176,9076
9177,9178
9177,9176
9177,9277
9177,9077
9178,9179
9178,9177
9178,9278
9178,9078
9179,9180
9179,9178
9179,9279
9179,9079
9180,9181
9180,9179
9180,9280
9180,9080
9181,9182
9181,9180
9181,9281
9181,9081
9182,9183
9182,9181
9182,9282
9182,9082
9183,9184
9183,9182
9183,9283
9183,9083
9184,9185
9184,9183
9184,9284
9184,9084
9185,9186
9185,9184
9185,9285
9185,9085
9186,9187
9186,9185
9186,9286
9186,9086
9187,9188
9187,9186
9187,9287
9187,9087
9188,9189
9188,9187
9188,9288
9188,9088
9189,9190
9189,9188
9189,9289
9189,9089
9190,9191
9190,9189
9190,9290
9190,9090
9191,9192
9191,9190
9191,9291
9191,9091
9192,9193
9192,9191
9192,9292
9192,9092
9193,9194
9193,9192
9193,9293
9193,9093
9194,9195
9194,9193
9194,9294
9194,9094
9195,9196
9195,9194
9195,9295
9195,9095
9196,9197
9196,9195
9196,9296
9196,9096
9197,9198
9197,9196
9197,9297
9197,9097
9198,9199
9198,9197
9198,9298
9198,9098
9199,9200
9199,9198
9199,9299
9199,9099
9200,9199
9200,9300
9200,9100
9201,9202
9201,9301
9201,9101
9202,9203
9202,9201
9202,9302
9202,9102
9203,9204
9203,9202
9203,9303
9203,9103
9204,9205
9204,9203
9204,9304
9204,9104
9205,9206
9205,9204
9205,9305
9205,9105
9206,9207
9206,9205
9206,9306
9206,9106
9207,9208
9207,9206
9207,9307
9207,9107
9208,9209
9208,9207
9208,9308
9208,9108
9209,9210
9209,9208
9209,9309
9209,9109
9210,9211
9210,9209
9210,9310
9210,9110
9211,9212
9211,9210
9211,9311
9211,9111
9212,9213
9212,9211
9212,9312
9212,9112
9213,9214
9213,9212
9213,9313
9213,9113
9214,9215
9214,9213
9214,9314
9214,9114
9215,9216
9215,9214
9215,9315
9215,9115
9216,9217
9216,9215
9216,9316
9216,9116
9217,9218
9217,9216
9217,9317
9217,9117
9218,9219
9218,9217
9218,9318
9218,9118
9219,9220
9219,9218
9219,9319
9219,9119
9220,9221
9220,9219
9220,9320
9220,9120
9221,9222
9221,9220
9221,9321
9221,9121
9222,9223
9222,9221
9222,9322
9222,9122
9223,9224
9223,9222
9223,9323
9223,9123
9224,9225
9224,9223
9224,9324
9224,9124
9225,9226
9225,9224
9225,9325
9225,9125
9226,9227
9226,9225
9226,9326
9226,9126
9227,9228
9227,9226
9227,9327
9227,9127
9228,9229
9228,9227
9228,9328
9228,9128
9229,9230
9229,9228
9229,9329
9229,9129
9230,9231
9230,9229
9230,9330
9230,9130
9231,9232
9231,9230
9231,9331
9231,9131
9232,9233
9232,9231
9232,9332
9232,9132
9233,9234
9233,9232
9233,9333
9233,9133
9234,9235
9234,9233
9234,9334
9234,9134
9235,9236
9235,9234
9235,9335
9235,9135
9236,9237
9236,9235
9236,9336
9236,9136
9237,9238
9237,9236
9237,9337
9237,9137
9238,9239
9238,9237
9238,9338
9238,9138
9239,9240
9239,9238
9239,9339
9239,9139
9240,9241
9240,9239
9240,9340
9240,9140
9241,9242
9241,9240
9241,9341
9241,9141
9242,9243
9242,9241
9242,9342
9242,9142
9243,9244
9243,9242
9243,9343
9243,9143
9244,9245
9244,9243
9244,9344
9244,9144
9245,9246
9245,9244
9245,9345
9245,9145
9246,9247
9246,9245
9246,9346
9246,9146
9247,9248
9247,9246
9247,9347
9247,9147
9248,9249
9248,9247
9248,9348
9248,9148
9249,9250
9249,9248
9249,9349
9249,9149
9250,9251
9250,9249
9250,9350
9250,9150
9251,9252
9251,9250
9251,9351
9251,9151
9252,9253
9252,9251
9252,9352
9252,9152
9253,9254
9253,9252
9253,9353
9253,9153
9254,9255
9254,9253
9254,9354
9254,9154
9255,9256
9255,9254
9255,9355
9255,9155
9256,9257
9256,9255
9256,9356
9256,9156
9257,9258
9257,9256
9257,9357
9257,9157
9258,9259
9258,9257
9258,9358
9258,9158
9259,9260
9259,9258
9259,9359
9259,9159
9260,9261
9260,9259
9260,9360
9260,9160
9261,9262
9261,9260
9261,9361
9261,9161
9262,9263
9262,9261
9262,9362
9262,9162
9263,9264
9263,9262
9263,9363
9263,9163
9264,9265
9264,9263
9264,9364
9264,9164
9265,9266
9265,9264
9265,9365
9265,9165
9266,9267
9266,9265
9266,9366
9266,9166
9267,9268
9267,9266
9267,9367
9267,9167
9268,9269
9268,9267
9268,9368
9268,9168
9269,9270
9269,9268
9269,9369
9269,9169
9270,9271
9270,9269
9270,9370
9270,9170
9271,9272
9271,9270
9271,9371
9271,9171
9272,9273
9272,9271
9272,9372
9272,9172
9273,9274
9273,9272
9273,9373
9273,9173
9274,9275
9274,9273
9274,9374
9274,9174
9275,9276
9275,9274
9275,9375
9275,9175
9276,9277
9276,9275
9276,9376
9276,9176
9277,9278
9277,9276
9277,9377
9277,9177
9278,9279
9278,9277
9278,9378
9278,9178
9279,9280
9279,9278
9279,9379
9279,9179
9280,9281
9280,9279
9280,9380
9280,9180
9281,9282
9281,9280
9281,9381
9281,9181
9282,9283
9282,9281
9282,9382
9282,9182
9283,9284
9283,9282
9283,9383
9283,9183
9284,9285
9284,9283
9284,9384
9284,9184
9285,9286
9285,9284
9285,9385
9285,9185
9286,9287
9286,9285
9286,9386
9286,9186
9287,9288
9287,9286
9287,9387
9287,9187
9288,9289
9288,9287
9288,9388
9288,9188
9289,9290
9289,9288
9289,9389
9289,9189
9290,9291
9290,9289
9290,9390
9290,9190
9291,9292
9291,9290
9291,9391
9291,9191
9292,9293
9292,9291
9292,9392
9292,9192
9293,9294
9293,9292
9293,9393
9293,9193
9294,9295
9294,9293
9294,9394
9294,9194
9295,9296
9295,9294
9295,9395
9295,9195
9296,9297
9296,9295
9296,9396
9296,9196
9297,9298
9297,9296
9297,9397
9297,9197
9298,9299
9298,9297
9298,9398
9298,9198
9299,9300
9299,9298
9299,9399
9299,9199
9300,9299
9300,9400
9300,9200
9301,9302
9301,9401
9301,9201
9302,9303
9302,9301
9302,9402
9302,9202
9303,9304
9303,9302
9303,9403
9303,9203
9304,9305
9304,9303
9304,9404
9304,9204
9305,9306
9305,9304
9305,9405
9305,9205
9306,9307
9306,9305
9306,9406
9306,9206
9307,9308
9307,9306
9307,9407
9307,9207
9308,9309
9308,9307
9308,9408
9308,9208
9309,9310
9309,9308
9309,9409
9309,9209
9310,9311
9310,9309
9310,9410
9310,9210
9311,9312
9311,9310
9311,9411
9311,9211
9312,9313
9312,9311
9312,9412
9312,9212
9313,9314
9313,9312
9313,9413
9313,9213
9314,9315
9314,9313
9314,9414
9314,9214
9315,9316
9315,9314
9315,9415
9315,9215
9316,9317
9316,9315
9316,9416
9316,9216
9317,9318
9317,9316
9317,9417
9317,9217
9318,9319
9318,9317
9318,9418
9318,9218
9319,9320
9319,9318
9319,9419
9319,9219
9320,9321
9320,9319
9320,9420
9320,9220
9321,9322
9321,9320
9321,9421
9321,9221
9322,9323
9322,9321
9322,9422
9322,9222
9323,9324
9323,9322
9323,9423
9323,9223
9324,9325
9324,9323
9324,9424
9324,9224
9325,9326
9325,9324
9325,9425
9325,9225
9326,9327
9326,9325
9326,9426
9326,9226
9327,9328
9327,9326
9327,9427
9327,9227
9328,9329
9328,9327
9328,9428
9328,9228
9329,9330
9329,9328
9329,9429
9329,9229
9330,9331
9330,9329
9330,9430
9330,9230
9331,9332
9331,9330
9331,9431
9331,9231
9332,9333
9332,9331
9332,9432
9332,9232
9333,9334
9333,9332
9333,9433
9333,9233
9334,9335
9334,9333
9334,9434
9334,9234
9335,9336
9335,9334
9335,9435
9335,9235
9336,9337
9336,9335
9336,9436
9336,9236
9337,9338
9337,9336
9337,9437
9337,9237
9338,9339
9338,9337
9338,9438
9338,9238
9339,9340
9339,9338
9339,9439
9339,9239
9340,9341
9340,9339
9340,9440
9340,9240
9341,9342
9341,9340
9341,9441
9341,9241
9342,9343
9342,9341
9342,9442
9342,9242
9343,9344
9343,9342
9343,9443
9343,9243
9344,9345
9344,9343
9344,9444
9344,9244
9345,9346
9345,9344
9345,9445
9345,9245
9346,9347
9346,9345
9346,9446
9346,9246
9347,9348
9347,9346
9347,9447
9347,9247
9348,9349
9348,9347
9348,9448
9348,9248
9349,9350
9349,9348
9349,9449
9349,9249
9350,9351
9350,9349
9350,9450
9350,9250
9351,9352
9351,9350
9351,9451
9351,9251
9352,9353
9352,9351
9352,9452
9352,9252
9353,9354
9353,9352
9353,9453
9353,9253
9354,9355
9354,9353
9354,9454
9354,9254
9355,9356
9355,9354
9355,9455
9355,9255
9356,9357
9356,9355
9356,9456
9356,9256
9357,9358
9357,9356
9357,9457
9357,9257
9358,9359
9358,9357
9358,9458
9358,9258
9359,9360
9359,9358
9359,9459
9359,9259
9360,9361
9360,9359
9360,9460
9360,9260
9361,9362
9361,9360
9361,9461
9361,9261
9362,9363
9362,9361
9362,9462
9362,9262
9363,9364
9363,9362
9363,9463
9363,9263
9364,9365
9364,9363
9364,9464
9364,9264
9365,9366
9365,9364
9365,9465
9365,9265
9366,9367
9366,9365
9366,9466
9366,9266
9367,9368
9367,9366
9367,9467
9367,9267
9368,9369
9368,9367
9368,9468
9368,9268
9369,9370
9369,9368
9369,9469
9369,9269
9370,9371
9370,9369
9370,9470
9370,9270
9371,9372
9371,9370
9371,9471
9371,9271
9372,9373
9372,9371
9372,9472
9372,9272
9373,9374
9373,9372
9373,9473
9373,9273
9374,9375
9374,9373
9374,9474
9374,9274
9375,9376
9375,9374
9375,9475
9375,9275
9376,9377
9376,9375
9376,9476
9376,9276
9377,9378
9377,9376
9377,9477
9377,9277
9378,9379
9378,9377
9378,9478
9378,9278
9379,9380
9379,9378
9379,9479
9379,9279
9380,9381
9380,9379
9380,9480
9380,9280
9381,9382
9381,9380
9381,9481
9381,9281
9382,9383
9382,9381
9382,9482
9382,9282
9383,9384
9383,9382
9383,9483
9383,9283
9384,9385
9384,9383
9384,9484
9384,9284
9385,9386
9385,9384
9385,9485
9385,9285
9386,9387
9386,9385
9386,9486
9386,9286
9387,9388
9387,9386
9387,9487
9387,9287
9388,9389
9388,9387
9388,9488
9388,9288
9389,9390
9389,9388
9389,9489
9389,9289
9390,9391
9390,9389
9390,9490
9390,9290
9391,9392
9391,9390
9391,9491
9391,9291
9392,9393
9392,9391
9392,9492
9392,9292
9393,9394
9393,9392
9393,9493
9393,9293
9394,9395
9394,9393
9394,9494
9394,9294
9395,9396
9395,9394
9395,9495
9395,9295
9396,9397
9396,9395
9396,9496
9396,9296
9397,9398
9397,9396
9397,9497
9397,9297
9398,9399
9398,9397
9398,9498
9398,9298
9399,9400
9399,9398
9399,9499
9399,9299
9400,9399
9400,9500
9400,9300
9401,9402
9401,9501
9401,9301
9402,9403
9402,9401
9402,9502
9402,9302
9403,9404
9403,9402
9403,9503
9403,9303
9404,9405
9404,9403
9404,9504
9404,9304
9405,9406
9405,9404
9405,9505
9405,9305
9406,9407
9406,9405
9406,9506
9406,9306
9407,9408
9407,9406
9407,9507
9407,9307
9408,9409
9408,9407
9408,9508
9408,9308
9409,9410
9409,9408
9409,9509
9409,9309
9410,9411
9410,9409
9410,9510
9410,9310
9411,9412
9411,9410
9411,9511
9411,9311
9412,9413
9412,9411
9412,9512
9412,9312
9413,9414
9413,9412
9413,9513
9413,9313
9414,9415
9414,9413
9414,9514
9414,9314
9415,9416
9415,9414
9415,9515
9415,9315
9416,9417
9416,9415
9416,9516
9416,9316
9417,9418
9417,9416
9417,9517
9417,9317
9418,9419
9418,9417
9418,9518
9418,9318
9419,9420
9419,9418
9419,9519
9419,9319
9420,9421
9420,9419
9420,9520
9420,9320
9421,9422
9421,9420
9421,9521
9421,9321
9422,9423
9422,9421
9422,9522
9422,9322
9423,9424
9423,9422
9423,9523
9423,9323
9424,9425
9424,9423
9424,9524
9424,9324
9425,9426
9425,9424
9425,9525
9425,9325
9426,9427
9426,9425
9426,9526
9426,9326
9427,9428
9427,9426
9427,9527
9427,9327
9428,9429
9428,9427
9428,9528
9428,9328
9429,9430
9429,9428
9429,9529
9429,9329
9430,9431
9430,9429
9430,9530
9430,9330
9431,9432
9431,9430
9431,9531
9431,9331
9432,9433
9432,9431
9432,9532
9432,9332
9433,9434
9433,9432
9433,9533
9433,9333
9434,9435
9434,9433
9434,9534
9434,9334
9435,9436
9435,9434
9435,9535
9435,9335
9436,9437
9436,9435
9436,9536
9436,9336
9437,9438
9437,9436
9437,9537
9437,9337
9438,9439
9438,9437
9438,9538
9438,9338
9439,9440
9439,9438
9439,9539
9439,9339
9440,9441
9440,9439
9440,9540
9440,9340
9441,9442
9441,9440
9441,9541
9441,9341
9442,9443
9442,9441
9442,9542
9442,9342
9443,9444
9443,9442
9443,9543
9443,9343
9444,9445
9444,9443
9444,9544
9444,9344
9445,9446
9445,9444
9445,9545
9445,9345
9446,9447
9446,9445
9446,9546
9446,9346
9447,9448
9447,9446
9447,9547
9447,9347
9448,9449
9448,9447
9448,9548
9448,9348
9449,9450
9449,9448
9449,9549
9449,9349
9450,9451
9450,9449
9450,9550
9450,9350
9451,9452
9451,9450
9451,9551
9451,9351
9452,9453
9452,9451
9452,9552
9452,9352
9453,9454
9453,9452
9453,9553
9453,9353
9454,9455
9454,9453
9454,9554
9454,9354
9455,9456
9455,9454
9455,9555
9455,9355
9456,9457
9456,9455
9456,9556
9456,9356
9457,9458
9457,9456
9457,9557
9457,9357
9458,9459
9458,9457
9458,9558
9458,9358
9459,9460
9459,9458
9459,9559
9459,9359
9460,9461
9460,9459
9460,9560
9460,9360
9461,9462
9461,9460
9461,9561
9461,9361
9462,9463
9462,9461
9462,9562
9462,9362
9463,9464
9463,9462
9463,9563
9463,9363
9464,9465
9464,9463
9464,9564
9464,9364
9465,9466
9465,9464
9465,9565
9465,9365
9466,9467
9466,9465
9466,9566
9466,9366
9467,9468
9467,9466
9467,9567
9467,9367
9468,9469
9468,9467
9468,9568
9468,9368
9469,9470
9469,9468
9469,9569
9469,9369
9470,9471
9470,9469
9470,9570
9470,9370
9471,9472
9471,9470
9471,9571
9471,9371
9472,9473
9472,9471
9472,9572
9472,9372
9473,9474
9473,9472
9473,9573
9473,9373
9474,9475
9474,9473
9474,9574
9474,9374
9475,9476
9475,9474
9475,9575
9475,9375
9476,9477
9476,9475
9476,9576
9476,9376
9477,9478
9477,9476
9477,9577
9477,9377
9478,9479
9478,9477
9478,9578
9478,9378
9479,9480
9479,9478
9479,9579
9479,9379
9480,9481
9480,9479
9480,9580
9480,9380
9481,9482
9481,9480
9481,9581
9481,9381
9482,9483
9482,9481
9482,9582
9482,9382
9483,9484
9483,9482
9483,9583
9483,9383
9484,9485
9484,9483
9484,9584
9484,9384
9485,9486
9485,9484
9485,9585
9485,9385
9486,9487
9486,9485
9486,9586
9486,9386
9487,9488
9487,9486
9487,9587
9487,9387
9488,9489
9488,9487
9488,9588
9488,9388
9489,9490
9489,9488
9489,9589
9489,9389
9490,9491
9490,9489
9490,9590
9490,9390
9491,9492
9491,9490
9491,9591
9491,9391
9492,9493
9492,9491
9492,9592
9492,9392
9493,9494
9493,9492
9493,9593
9493,9393
9494,9495
9494,9493
9494,9594
9494,9394
9495,9496
9495,9494
9495,9595
9495,9395
9496,9497
9496,9495
9496,9596
9496,9396
9497,9498
9497,9496
9497,9597
9497,9397
9498,9499
9498,9497
9498,9598
9498,9398
9499,9500
9499,9498
9499,9599
9499,9399
9500,9499
9500,9600
9500,9400
9501,9502
9501,9601
9501,9401
9502,9503
9502,9501
9502,9602
9502,9402
9503,9504
9503,9502
9503,9603
9503,9403
9504,9505
9504,9503
9504,9604
9504,9404
9505,9506
9505,9504
9505,9605
9505,9405
9506,9507
9506,9505
9506,9606
9506,9406
9507,9508
9507,9506
9507,9607
9507,9407
9508,9509
9508,9507
9508,9608
9508,9408
9509,9510
9509,9508
9509,9609
9509,9409
9510,9511
9510,9509
9510,9610
9510,9410
9511,9512
9511,9510
9511,9611
9511,9411
9512,9513
9512,9511
9512,9612
9512,9412
9513,9514
9513,9512
9513,9613
9513,9413
9514,9515
9514,9513
9514,9614
9514,9414
9515,9516
9515,9514
9515,9615
9515,9415
9516,9517
9516,9515
9516,9616
9516,9416
9517,9518
9517,9516
9517,9617
9517,9417
9518,9519
9518,9517
9518,9618
9518,9418
9519,9520
9519,9518
9519,9619
9519,9419
9520,9521
9520,9519
9520,9620
9520,9420
9521,9522
9521,9520
9521,9621
9521,9421
9522,9523
9522,9521
9522,9622
9522,9422
9523,9524
9523,9522
9523,9623
9523,9423
9524,9525
9524,9523
9524,9624
9524,9424
9525,9526
9525,9524
9525,9625
9525,9425
9526,9527
9526,9525
9526,9626
9526,9426
9527,9528
9527,9526
9527,9627
9527,9427
9528,9529
9528,9527
9528,9628
9528,9428
9529,9530
9529,9528
9529,9629
9529,9429
9530,9531
9530,9529
9530,9630
9530,9430
9531,9532
9531,9530
9531,9631
9531,9431
9532,9533
9532,9531
9532,9632
9532,9432
9533,9534
9533,9532
9533,9633
9533,9433
9534,9535
9534,9533
9534,9634
9534,9434
9535,9536
9535,9534
9535,9635
9535,9435
9536,9537
9536,9535
9536,9636
9536,9436
9537,9538
9537,9536
9537,9637
9537,9437
9538,9539
9538,9537
9538,9638
9538,9438
9539,9540
9539,9538
9539,9639
9539,9439
9540,9541
9540,9539
9540,9640
9540,9440
9541,9542
9541,9540
9541,9641
9541,9441
9542,9543
9542,9541
9542,9642
9542,9442
9543,9544
9543,9542
9543,9643
9543,9443
9544,9545
9544,9543
9544,9644
9544,9444
9545,9546
9545,9544
9545,9645
9545,9445
9546,9547
9546,9545
9546,9646
9546,9446
9547,9548
9547,9546
9547,9647
9547,9447
9548,9549
9548,9547
9548,9648
9548,9448
9549,9550
9549,9548
9549,9649
9549,9449
9550,9551
9550,9549
9550,9650
9550,9450
9551,9552
9551,9550
9551,9651
9551,9451
9552,9553
9552,9551
9552,9652
9552,9452
9553,9554
9553,9552
9553,9653
9553,9453
9554,9555
9554,9553
9554,9654
9554,9454
9555,9556
9555,9554
9555,9655
9555,9455
9556,9557
9556,9555
9556,9656
9556,9456
9557,9558
9557,9556
9557,9657
9557,9457
9558,9559
9558,9557
9558,9658
9558,9458
9559,9560
9559,9558
9559,9659
9559,9459
9560,9561
9560,9559
9560,9660
9560,9460
9561,9562
9561,9560
9561,9661
9561,9461
9562,9563
9562,9561
9562,9662
9562,9462
9563,9564
9563,9562
9563,9663
9563,9463
9564,9565
9564,9563
9564,9664
9564,9464
9565,9566
9565,9564
9565,9665
9565,9465
9566,9567
9566,9565
9566,9666
9566,9466
9567,9568
9567,9566
9567,9667
9567,9467
9568,9569
9568,9567
9568,9668
9568,9468
9569,9570
9569,9568
9569,9669
9569,9469
9570,9571
9570,9569
9570,9670
9570,9470
9571,9572
9571,9570
9571,9671
9571,9471
9572,9573
9572,9571
9572,9672
9572,9472
9573,9574
9573,9572
9573,9673
9573,9473
9574,9575
9574,9573
9574,9674
9574,9474
9575,9576
9575,9574
9575,9675
9575,9475
9576,9577
9576,9575
9576,9676
9576,9476
9577,9578
9577,9576
9577,9677
9577,9477
9578,9579
9578,9577
9578,9678
9578,9478
9579,9580
9579,9578
9579,9679
9579,9479
9580,9581
9580,9579
9580,9680
9580,9480
9581,9582
9581,9580
9581,9681
9581,9481
9582,9583
9582,9581
9582,9682
9582,9482
9583,9584
9583,9582
9583,9683
9583,9483
9584,9585
9584,9583
9584,9684
9584,9484
9585,9586
9585,9584
9585,9685
9585,9485
9586,9587
9586,9585
9586,9686
9586,9486
9587,9588
9587,9586
9587,9687
9587,9487
9588,9589
9588,9587
9588,9688
9588,9488
9589,9590
9589,9588
9589,9689
9589,9489
9590,9591
9590,9589
9590,9690
9590,9490
9591,9592
9591,9590
9591,9691
9591,9491
9592,9593
9592,9591
9592,9692
9592,9492
9593,9594
9593,9592
9593,9693
9593,9493
9594,9595
9594,9593
9594,9694
9594,9494
9595,9596
9595,9594
9595,9695
9595,9495
9596,9597
9596,9595
9596,9696
9596,9496
9597,9598
9597,9596
9597,9697
9597,9497
9598,9599
9598,9597
9598,9698
9598,9498
9599,9600
9599,9598
9599,9699
9599,9499
9600,9599
9600,9700
9600,9500
9601,9602
9601,9701
9601,9501
9602,9603
9602,9601
9602,9702
9602,9502
9603,9604
9603,9602
9603,9703
9603,9503
9604,9605
9604,9603
9604,9704
9604,9504
9605,9606
9605,9604
9605,9705
9605,9505
9606,9607
9606,9605
9606,9706
9606,9506
9607,9608
9607,9606
9607,9707
9607,9507
9608,9609
9608,9607
9608,9708
9608,9508
9609,9610
9609,9608
9609,9709
9609,9509
9610,9611
9610,9609
9610,9710
9610,9510
9611,9612
9611,9610
9611,9711
9611,9511
9612,9613
9612,9611
9612,9712
9612,9512
9613,9614
9613,9612
9613,9713
9613,9513
9614,9615
9614,9613
9614,9714
9614,9514
9615,9616
9615,9614
9615,9715
9615,9515
9616,9617
9616,9615
9616,9716
9616,9516
9617,9618
9617,9616
9617,9717
9617,9517
9618,9619
9618,9617
9618,9718
9618,9518
9619,9620
9619,9618
9619,9719
9619,9519
9620,9621
9620,9619
9620,9720
9620,9520
9621,9622
9621,9620
9621,9721
9621,9521
9622,9623
9622,9621
9622,9722
9622,9522
9623,9624
9623,9622
9623,9723
9623,9523
9624,9625
9624,9623
9624,9724
9624,9524
9625,9626
9625,9624
9625,9725
9625,9525
9626,9627
9626,9625
9626,9726
9626,9526
9627,9628
9627,9626
9627,9727
9627,9527
9628,9629
9628,9627
9628,9728
9628,9528
9629,9630
9629,9628
9629,9729
9629,9529
9630,9631
9630,9629
9630,9730
9630,9530
9631,9632
9631,9630
9631,9731
9631,9531
9632,9633
9632,9631
9632,9732
9632,9532
9633,9634
9633,9632
9633,9733
9633,9533
9634,9635
9634,9633
9634,9734
9634,9534
9635,9636
9635,9634
9635,9735
9635,9535
9636,9637
9636,9635
9636,9736
9636,9536
9637,9638
9637,9636
9637,9737
9637,9537
9638,9639
9638,9637
9638,9738
9638,9538
9639,9640
9639,9638
9639,9739
9639,9539
9640,9641
9640,9639
9640,9740
9640,9540
9641,9642
9641,9640
9641,9741
9641,9541
9642,9643
9642,9641
9642,9742
9642,9542
9643,9644
9643,9642
9643,9743
9643,9543
9644,9645
9644,9643
9644,9744
9644,9544
9645,9646
9645,9644
9645,9745
9645,9545
9646,9647
9646,9645
9646,9746
9646,9546
9647,9648
9647,9646
9647,9747
9647,9547
9648,9649
9648,9647
9648,9748
9648,9548
9649,9650
9649,9648
9649,9749
9649,9549
9650,9651
9650,9649
9650,9750
9650,9550
9651,9652
9651,9650
9651,9751
9651,9551
9652,9653
9652,9651
9652,9752
9652,9552
9653,9654
9653,9652
9653,9753
9653,9553
9654,9655
9654,9653
9654,9754
9654,9554
9655,9656
9655,9654
9655,9755
9655,9555
9656,9657
9656,9655
9656,9756
9656,9556
9657,9658
9657,9656
9657,9757
9657,9557
9658,9659
9658,9657
9658,9758
9658,9558
9659,9660
9659,9658
9659,9759
9659,9559
9660,9661
9660,9659
9660,9760
9660,9560
9661,9662
9661,9660
9661,9761
9661,9561
9662,9663
9662,9661
9662,9762
9662,9562
9663,9664
9663,9662
9663,9763
9663,9563
9664,9665
9664,9663
9664,9764
9664,9564
9665,9666
9665,9664
9665,9765
9665,9565
9666,9667
9666,9665
9666,9766
9666,9566
9667,9668
9667,9666
9667,9767
9667,9567
9668,9669
9668,9667
9668,9768
9668,9568
9669,9670
9669,9668
9669,9769
9669,9569
9670,9671
9670,9669
9670,9770
9670,9570
9671,9672
9671,9670
9671,9771
9671,9571
9672,9673
9672,9671
9672,9772
9672,9572
9673,9674
9673,9672
9673,9773
9673,9573
9674,9675
9674,9673
9674,9774
9674,9574
9675,9676
9675,9674
9675,9775
9675,9575
9676,9677
9676,9675
9676,9776
9676,9576
9677,9678
9677,9676
9677,9777
9677,9577
9678,9679
9678,9677
9678,9778
9678,9578
9679,9680
9679,9678
9679,9779
9679,9579
9680,9681
9680,9679
9680,9780
9680,9580
9681,9682
9681,9680
9681,9781
9681,9581
9682,9683
9682,9681
9682,9782
9682,9582
9683,9684
9683,9682
9683,9783
9683,9583
9684,9685
9684,9683
9684,9784
9684,9584
9685,9686
9685,9684
9685,9785
9685,9585
9686,9687
9686,9685
9686,9786
9686,9586
9687,9688
9687,9686
9687,9787
9687,9587
9688,9689
9688,9687
9688,9788
9688,9588
9689,9690
9689,9688
9689,9789
9689,9589
9690,9691
9690,9689
9690,9790
9690,9590
9691,9692
9691,9690
9691,9791
9691,9591
9692,9693
9692,9691
9692,9792
9692,9592
9693,9694
9693,9692
9693,9793
9693,9593
9694,9695
9694,9693
9694,9794
9694,9594
9695,9696
9695,9694
9695,9795
9695,9595
9696,9697
9696,9695
9696,9796
9696,9596
9697,9698
9697,9696
9697,9797
9697,9597
9698,9699
9698,9697
9698,9798
9698,9598
9699,9700
9699,9698
9699,9799
9699,9599
9700,9699
9700,9800
9700,9600
9701,9702
9701,9801
9701,9601
9702,9703
9702,9701
9702,9802
9702,9602
9703,9704
9703,9702
9703,9803
9703,9603
9704,9705
9704,9703
9704,9804
9704,9604
9705,9706
9705,9704
9705,9805
9705,9605
9706,9707
9706,9705
9706,9806
9706,9606
9707,9708
9707,9706
9707,9807
9707,9607
9708,9709
9708,9707
9708,9808
9708,9608
9709,9710
9709,9708
9709,9809
9709,9609
9710,9711
9710,9709
9710,9810
9710,9610
9711,9712
9711,9710
9711,9811
9711,9611
9712,9713
9712,9711
9712,9812
9712,9612
9713,9714
9713,9712
9713,9813
9713,9613
9714,9715
9714,9713
9714,9814
9714,9614
9715,9716
9715,9714
9715,9815
9715,9615
9716,9717
9716,9715
9716,9816
9716,9616
9717,9718
9717,9716
9717,9817
9717,9617
9718,9719
9718,9717
9718,9818
9718,9618
9719,9720
9719,9718
9719,9819
9719,9619
9720,9721
9720,9719
9720,9820
9720,9620
9721,9722
9721,9720
9721,9821
9721,9621
9722,9723
9722,9721
9722,9822
9722,9622
9723,9724
9723,9722
9723,9823
9723,9623
9724,9725
9724,9723
9724,9824
9724,9624
9725,9726
9725,9724
9725,9825
9725,9625
9726,9727
9726,9725
9726,9826
9726,9626
9727,9728
9727,9726
9727,9827
9727,9627
9728,9729
9728,9727
9728,9828
9728,9628
9729,9730
9729,9728
9729,9829
9729,9629
9730,9731
9730,9729
9730,9830
9730,9630
9731,9732
9731,9730
9731,9831
9731,9631
9732,9733
9732,9731
9732,9832
9732,9632
9733,9734
9733,9732
9733,9833
9733,9633
9734,9735
9734,9733
9734,9834
9734,9634
9735,9736
9735,9734
9735,9835
9735,9635
9736,9737
9736,9735
9736,9836
9736,9636
9737,9738
9737,9736
9737,9837
9737,9637
9738,9739
9738,9737
9738,9838
9738,9638
9739,9740
9739,9738
9739,9839
9739,9639
9740,9741
9740,9739
9740,9840
9740,9640
9741,9742
9741,9740
9741,9841
9741,9641
9742,9743
9742,9741
9742,9842
9742,9642
9743,9744
9743,9742
9743,9843
9743,9643
9744,9745
9744,9743
9744,9844
9744,9644
9745,9746
9745,9744
9745,9845
9745,9645
9746,9747
9746,9745
9746,9846
9746,9646
9747,9748
9747,9746
9747,9847
9747,9647
9748,9749
9748,9747
9748,9848
9748,9648
9749,9750
9749,9748
9749,9849
9749,9649
9750,9751
9750,9749
9750,9850
9750,9650
9751,9752
9751,9750
9751,9851
9751,9651
9752,9753
9752,9751
9752,9852
9752,9652
9753,9754
9753,9752
9753,9853
9753,9653
9754,9755
9754,9753
9754,9854
9754,9654
9755,9756
9755,9754
9755,9855
9755,9655
9756,9757
9756,9755
9756,9856
9756,9656
9757,9758
9757,9756
9757,9857
9757,9657
9758,9759
9758,9757
9758,9858
9758,9658
9759,9760
9759,9758
9759,9859
9759,9659
9760,9761
9760,9759
9760,9860
9760,9660
9761,9762
9761,9760
9761,9861
9761,9661
9762,9763
9762,9761
9762,9862
9762,9662
9763,9764
9763,9762
9763,9863
9763,9663
9764,9765
9764,9763
9764,9864
9764,9664
9765,9766
9765,9764
9765,9865
9765,9665
9766,9767
9766,9765
9766,9866
9766,9666
9767,9768
9767,9766
9767,9867
9767,9667
9768,9769
9768,9767
9768,9868
9768,9668
9769,9770
9769,9768
9769,9869
9769,9669
9770,9771
9770,9769
9770,9870
9770,9670
9771,9772
9771,9770
9771,9871
9771,9671
9772,9773
9772,9771
9772,9872
9772,9672
9773,9774
9773,9772
9773,9873
9773,9673
9774,9775
9774,9773
9774,9874
9774,9674
9775,9776
9775,9774
9775,9875
9775,9675
9776,9777
9776,9775
9776,9876
9776,9676
9777,9778
9777,9776
9777,9877
9777,9677
9778,9779
9778,9777
9778,9878
9778,9678
9779,9780
9779,9778
9779,9879
9779,9679
9780,9781
9780,9779
9780,9880
9780,9680
9781,9782
9781,9780
9781,9881
9781,9681
9782,9783
9782,9781
9782,9882
9782,9682
9783,9784
9783,9782
9783,9883
9783,9683
9784,9785
9784,9783
9784,9884
9784,9684
9785,9786
9785,9784
9785,9885
9785,9685
9786,9787
9786,9785
9786,9886
9786,9686
9787,9788
9787,9786
9787,9887
9787,9687
9788,9789
9788,9787
9788,9888
9788,9688
9789,9790
9789,9788
9789,9889
9789,9689
9790,9791
9790,9789
9790,9890
9790,9690
9791,9792
9791,9790
9791,9891
9791,9691
9792,9793
9792,9791
9792,9892
9792,9692
9793,9794
9793,9792
9793,9893
9793,9693
9794,9795
9794,9793
9794,9894
9794,9694
9795,9796
9795,9794
9795,9895
9795,9695
9796,9797
9796,9795
9796,9896
9796,9696
9797,9798
9797,9796
9797,9897
9797,9697
9798,9799
9798,9797
9798,9898
9798,9698
9799,9800
9799,9798
9799,9899
9799,9699
9800,9799
9800,9900
9800,9700
9801,9802
9801,9901
9801,9701
9802,9803
9802,9801
9802,9902
9802,9702
9803,9804
9803,9802
9803,9903
9803,9703
9804,9805
9804,9803
9804,9904
9804,9704
9805,9806
9805,9804
9805,9905
9805,9705
9806,9807
9806,9805
9806,9906
9806,9706
9807,9808
9807,9806
9807,9907
9807,9707
9808,9809
9808,9807
9808,9908
9808,9708
9809,9810
9809,9808
9809,9909
9809,9709
9810,9811
9810,9809
9810,9910
9810,9710
9811,9812
9811,9810
9811,9911
9811,9711
9812,9813
9812,9811
9812,9912
9812,9712
9813,9814
9813,9812
9813,9913
9813,9713
9814,9815
9814,9813
9814,9914
9814,9714
9815,9816
9815,9814
9815,9915
9815,9715
9816,9817
9816,9815
9816,9916
9816,9716
9817,9818
9817,9816
9817,9917
9817,9717
9818,9819
9818,9817
9818,9918
9818,9718
9819,9820
9819,9818
9819,9919
9819,9719
9820,9821
9820,9819
9820,9920
9820,9720
9821,9822
9821,9820
9821,9921
9821,9721
9822,9823
9822,9821
9822,9922
9822,9722
9823,9824
9823,9822
9823,9923
9823,9723
9824,9825
9824,9823
9824,9924
9824,9724
9825,9826
9825,9824
9825,9925
9825,9725
9826,9827
9826,9825
9826,9926
9826,9726
9827,9828
9827,9826
9827,9927
9827,9727
9828,9829
9828,9827
9828,9928
9828,9728
9829,9830
9829,9828
9829,9929
9829,9729
9830,9831
9830,9829
9830,9930
9830,9730
9831,9832
9831,9830
9831,9931
9831,9731
9832,9833
9832,9831
9832,9932
9832,9732
9833,9834
9833,9832
9833,9933
9833,9733
9834,9835
9834,9833
9834,9934
9834,9734
9835,9836
9835,9834
9835,9935
9835,9735
9836,9837
9836,9835
9836,9936
9836,9736
9837,9838
9837,9836
9837,9937
9837,9737
9838,9839
9838,9837
9838,9938
9838,9738
9839,9840
9839,9838
9839,9939
9839,9739
9840,9841
9840,9839
9840,9940
9840,9740
9841,9842
9841,9840
9841,9941
9841,9741
9842,9843
9842,9841
9842,9942
9842,9742
9843,9844
9843,9842
9843,9943
9843,9743
9844,9845
9844,9843
9844,9944
9844,9744
9845,9846
9845,9844
9845,9945
9845,9745
9846,9847
9846,9845
9846,9946
9846,9746
9847,9848
9847,9846
9847,9947
9847,9747
9848,9849
9848,9847
9848,9948
9848,9748
9849,9850
9849,9848
9849,9949
9849,9749
9850,9851
9850,9849
9850,9950
9850,9750
9851,9852
9851,9850
9851,9951
9851,9751
9852,9853
9852,9851
9852,9952
9852,9752
9853,9854
9853,9852
9853,9953
9853,9753
9854,9855
9854,9853
9854,9954
9854,9754
9855,9856
9855,9854
9855,9955
9855,9755
9856,9857
9856,9855
9856,9956
9856,9756
9857,9858
9857,9856
9857,9957
9857,9757
9858,9859
9858,9857
9858,9958
9858,9758
9859,9860
9859,9858
9859,9959
9859,9759
9860,9861
9860,9859
9860,9960
9860,9760
9861,9862
9861,9860
9861,9961
9861,9761
9862,9863
9862,9861
9862,9962
9862,9762
9863,9864
9863,9862
9863,9963
9863,9763
9864,9865
9864,9863
9864,9964
9864,9764
9865,9866
9865,9864
9865,9965
9865,9765
9866,9867
9866,9865
9866,9966
9866,9766
9867,9868
9867,9866
9867,9967
9867,9767
9868,9869
9868,9867
9868,9968
9868,9768
9869,9870
9869,9868
9869,9969
9869,9769
9870,9871
9870,9869
9870,9970
9870,9770
9871,9872
9871,9870
9871,9971
9871,9771
9872,9873
9872,9871
9872,9972
9872,9772
9873,9874
9873,9872
9873,9973
9873,9773
9874,9875
9874,9873
9874,9974
9874,9774
9875,9876
9875,9874
9875,9975
9875,9775
9876,9877
9876,9875
9876,9976
9876,9776
9877,9878
9877,9876
9877,9977
9877,9777
9878,9879
9878,9877
9878,9978
9878,9778
9879,9880
9879,9878
9879,9979
9879,9779
9880,9881
9880,9879
9880,9980
9880,9780
9881,9882
9881,9880
9881,9981
9881,9781
9882,9883
9882,9881
9882,9982
9882,9782
9883,9884
9883,9882
9883,9983
9883,9783
9884,9885
9884,9883
9884,9984
9884,9784
9885,9886
9885,9884
9885,9985
9885,9785
9886,9887
9886,9885
9886,9986
9886,9786
9887,9888
9887,9886
9887,9987
9887,9787
9888,9889
9888,9887
9888,9988
9888,9788
9889,9890
9889,9888
9889,9989
9889,9789
9890,9891
9890,9889
9890,9990
9890,9790
9891,9892
9891,9890
9891,9991
9891,9791
9892,9893
9892,9891
9892,9992
9892,9792
9893,9894
9893,9892
9893,9993
9893,9793
9894,9895
9894,9893
9894,9994
9894,9794
9895,9896
9895,9894
9895,9995
9895,9795
9896,9897
9896,9895
9896,9996
9896,9796
9897,9898
9897,9896
9897,9997
9897,9797
9898,9899
9898,9897
9898,9998
9898,9798
9899,9900
9899,9898
9899,9999
9899,9799
9900,9899
9900,10000
9900,9800
9901,9902
9901,9801
9902,9903
9902,9901
9902,9802
9903,9904
9903,9902
9903,9803
9904,9905
9904,9903
9904,9804
9905,9906
9905,9904
9905,9805
9906,9907
9906,9905
9906,9806
9907,9908
9907,9906
9907,9807
9908,9909
9908,9907
9908,9808
9909,9910
9909,9908
9909,9809
9910,9911
9910,9909
9910,9810
9911,9912
9911,9910
9911,9811
9912,9913
9912,9911
9912,9812
9913,9914
9913,9912
9913,9813
9914,9915
9914,9913
9914,9814
9915,9916
9915,9914
9915,9815
9916,9917
9916,9915
9916,9816
9917,9918
9917,9916
9917,9817
9918,9919
9918,9917
9918,9818
9919,9920
9919,9918
9919,9819
9920,9921
9920,9919
9920,9820
9921,9922
9921,9920
9921,9821
9922,9923
9922,9921
9922,9822
9923,9924
9923,9922
9923,9823
9924,9925
9924,9923
9924,9824
9925,9926
9925,9924
9925,9825
9926,9927
9926,9925
9926,9826
9927,9928
9927,9926
9927,9827
9928,9929
9928,9927
9928,9828
9929,9930
9929,9928
9929,9829
9930,9931
9930,9929
9930,9830
9931,9932
9931,9930
9931,9831
9932,9933
9932,9931
9932,9832
9933,9934
9933,9932
9933,9833
9934,9935
9934,9933
9934,9834
9935,9936
9935,9934
9935,9835
9936,9937
9936,9935
9936,9836
9937,9938
9937,9936
9937,9837
9938,9939
9938,9937
9938,9838
9939,9940
9939,9938
9939,9839
9940,9941
9940,9939
9940,9840
9941,9942
9941,9940
9941,9841
9942,9943
9942,9941
9942,9842
9943,9944
9943,9942
9943,9843
9944,9945
9944,9943
9944,9844
9945,9946
9945,9944
9945,9845
9946,9947
9946,9945
9946,9846
9947,9948
9947,9946
9947,9847
9948,9949
9948,9947
9948,9848
9949,9950
9949,9948
9949,9849
9950,9951
9950,9949
9950,9850
9951,9952
9951,9950
9951,9851
9952,9953
9952,9951
9952,9852
9953,9954
9953,9952
9953,9853
9954,9955
9954,9953
9954,9854
9955,9956
9955,9954
9955,9855
9956,9957
9956,9955
9956,9856
9957,9958
9957,9956
9957,9857
9958,9959
9958,9957
9958,9858
9959,9960
9959,9958
9959,9859
9960,9961
9960,9959
9960,9860
9961,9962
9961,9960
9961,9861
9962,9963
9962,9961
9962,9862
9963,9964
9963,9962
9963,9863
9964,9965
9964,9963
9964,9864
9965,9966
9965,9964
9965,9865
9966,9967
9966,9965
9966,9866
9967,9968
9967,9966
9967,9867
9968,9969
9968,9967
9968,9868
9969,9970
9969,9968
9969,9869
9970,9971
9970,9969
9970,9870
9971,9972
9971,9970
9971,9871
9972,9973
9972,9971
9972,9872
9973,9974
9973,9972
9973,9873
9974,9975
9974,9973
9974,9874
9975,9976
9975,9974
9975,9875
9976,9977
9976,9975
9976,9876
9977,9978
9977,9976
9977,9877
9978,9979
9978,9977
9978,9878
9979,9980
9979,9978
9979,9879
9980,9981
9980,9979
9980,9880
9981,9982
9981,9980
9981,9881
9982,9983
9982,9981
9982,9882
9983,9984
9983,9982
9983,9883
9984,9985
9984,9983
9984,9884
9985,9986
9985,9984
9985,9885
9986,9987
9986,9985
9986,9886
9987,9988
9987,9986
9987,9887
9988,9989
9988,9987
9988,9888
9989,9990
9989,9988
9989,9889
9990,9991
9990,9989
9990,9890
9991,9992
9991,9990
9991,9891
9992,9993
9992,9991
9992,9892
9993,9994
9993,9992
9993,9893
9994,9995
9994,9993
9994,9894
9995,9996
9995,9994
9995,9895
9996,9997
9996,9995
9996,9896
9997,9998
9997,9996
9997,9897
9998,9999
9998,9997
9998,9898
9999,10000
9999,9998
9999,9899
10000,9999
10000,9900
